0.1486 0.2222 0.2222 0.3750
0.2162 0.0889 0.0889 0.2604
0.0541 0.1111 0.1111 0.2188
0.3108 0.0889 0.0889 0.3229
0.0270 0.0000 0.0000 0.0000
0.0541 0.0000 0.0000 0.0208
0.1622 0.2667 0.2667 0.5938
0.3108 0.0000 0.0000 0.2188
0.0541 0.0000 0.0000 0.0208
0.0541 0.0222 0.0222 0.3021
0.3108 0.1556 0.1556 0.6458
0.1216 0.2222 0.2222 0.4896
0.0541 0.0222 0.0222 0.4063
0.1486 0.1111 0.1111 0.2604
0.0270 0.1556 0.1556 0.3438
0.0541 0.0444 0.0444 0.2292
0.0541 0.0222 0.0222 0.0208
0.2162 0.1333 0.1333 0.3750
0.1892 0.0667 0.0667 0.2500
0.0270 0.0000 0.0000 0.0000
0.0270 0.0000 0.0000 0.0000
0.1892 0.0000 0.0000 0.1250
0.0541 0.0000 0.0000 0.0208
0.2838 0.0222 0.0222 0.2500
0.1486 0.1556 0.1556 0.4583
0.0946 0.0889 0.0889 0.3438
0.3108 0.0000 0.0000 0.2188
0.0270 0.1111 0.1111 0.2500
0.3108 0.0222 0.0222 0.2188
0.3108 0.0444 0.0444 0.3958
0.0541 0.0889 0.0889 0.2188
0.1892 0.1333 0.1333 0.2500
0.1216 0.1778 0.1778 0.1458
0.0270 0.0667 0.0667 0.4271
0.0270 0.0222 0.0222 0.1458
0.3108 0.0000 0.0000 0.2188
0.2162 0.0222 0.0222 0.2500
0.1486 0.0222 0.0222 0.1458
0.0270 0.0667 0.0667 0.2188
0.0405 0.3333 0.3333 0.7500
0.0541 0.0222 0.0222 0.1250
0.0541 0.0000 0.0000 0.0208
0.0270 0.0889 0.0889 0.4688
0.1892 0.0000 0.0000 0.1250
0.0270 0.0667 0.0667 0.1458
0.0270 0.0667 0.0667 0.3438
0.1216 0.0222 0.0222 0.5208
0.1351 0.0667 0.0667 0.1458
0.2162 0.2889 0.2889 0.8438
0.2432 0.0222 0.0222 0.2188
0.0541 0.0000 0.0000 0.0208
0.1486 0.0667 0.0667 0.1458
0.1216 0.0222 0.0222 0.2500
0.2838 0.0000 0.0000 0.1979
0.0541 0.0000 0.0000 0.0208
0.0270 0.1111 0.1111 0.4479
0.0270 0.4222 0.4222 0.4479
0.0541 0.0000 0.0000 0.0208
0.2162 0.0667 0.0667 0.2708
0.0541 0.1333 0.1333 0.6250
0.1892 0.0889 0.0889 0.2708
0.2162 0.0000 0.0000 0.1458
0.2162 0.0000 0.0000 0.1458
0.2838 0.0000 0.0000 0.1979
0.0541 0.0889 0.0889 0.2708
0.2162 0.0444 0.0444 0.1979
0.0541 0.2222 0.2222 0.9688
0.0270 0.0000 0.0000 0.0000
0.0541 0.0222 0.0222 0.2917
0.2162 0.0000 0.0000 0.1458
0.1892 0.0222 0.0222 0.1250
0.0270 0.0444 0.0444 0.0208
0.1486 0.0222 0.0222 0.0938
0.1892 0.1333 0.1333 0.4479
0.0946 0.1778 0.1778 0.9063
0.0541 0.0000 0.0000 0.0208
0.0270 0.0889 0.0889 0.1458
0.0270 0.2000 0.2000 0.6458
0.0270 0.0667 0.0667 0.3438
0.0541 0.1556 0.1556 0.4583
0.1892 0.0000 0.0000 0.1250
0.0541 0.1111 0.1111 0.3854
0.2162 0.1111 0.1111 0.3438
1.0000 0.0000 0.0000 0.7500
0.0541 0.2222 0.2222 0.6458
0.0270 0.2444 0.2444 1.0000
0.0541 0.0000 0.0000 0.0208
0.0541 0.1111 0.1111 0.1250
0.0270 0.0889 0.0889 0.0938
0.0270 0.0000 0.0000 0.0000
0.3108 0.1556 0.1556 0.4583
0.0541 0.0889 0.0889 0.1458
0.0270 0.0667 0.0667 0.7083
0.0541 0.1333 0.1333 0.2708
0.0541 0.0667 0.0667 0.0208
0.0541 0.0000 0.0000 0.0208
0.3108 0.0444 0.0444 0.9063
0.2162 0.1333 0.1333 0.6458
0.0541 0.2222 0.2222 0.7917
0.2838 0.0222 0.0222 0.3438
0.1892 0.0889 0.0889 0.2708
0.0541 0.0222 0.0222 0.0208
0.0270 0.1111 0.1111 0.1458
0.0270 0.1333 0.1333 0.3125
0.1486 0.0000 0.0000 0.0938
0.3108 0.0000 0.0000 0.2188
0.1486 0.2000 0.2000 0.3438
0.2162 0.1111 0.1111 0.3958
0.1892 0.1111 0.1111 0.5104
0.0270 0.3111 0.3111 0.4896
0.0541 0.0000 0.0000 0.0208
0.0135 0.2889 0.2889 0.5833
0.0270 0.2222 0.2222 0.4063
0.1622 0.2222 0.2222 0.3854
0.0405 0.0889 0.0889 0.3750
0.0541 0.2222 0.2222 0.6146
0.0541 0.2444 0.2444 0.3333
0.0270 0.2444 0.2444 0.8333
0.1757 0.1333 0.1333 0.7708
0.1892 0.0000 0.0000 0.1250
0.2838 0.1111 0.1111 0.8750
0.0541 0.0222 0.0222 0.0208
0.0541 0.1111 0.1111 0.3438
0.0541 0.0444 0.0444 0.3333
0.0541 0.0889 0.0889 0.7500
0.2162 0.1111 0.1111 0.3438
0.0541 0.1778 0.1778 0.2500
0.0541 0.0000 0.0000 0.0208
0.0270 0.3333 0.3333 0.8229
0.0541 0.0222 0.0222 0.0729
0.0270 0.0444 0.0444 0.1979
0.0270 0.0000 0.0000 0.0000
0.3108 0.0222 0.0222 0.2708
0.0270 0.0667 0.0667 0.1250
0.3108 0.0222 0.0222 0.3750
0.1486 0.0889 0.0889 0.4063
0.2838 0.0444 0.0444 0.2500
0.0270 0.1333 0.1333 0.2813
0.0135 0.1778 0.1778 0.5104
0.0541 0.1333 0.1333 0.5208
0.2162 0.1333 0.1333 0.8854
0.2162 0.0889 0.0889 0.3958
0.0270 0.0889 0.0889 0.1458
0.2162 0.0000 0.0000 0.1458
0.0270 0.1333 0.1333 0.3438
0.0270 0.0222 0.0222 0.0938
0.1486 0.0000 0.0000 0.0938
0.1892 0.0444 0.0444 0.8021
0.0270 0.0222 0.0222 0.0208
0.1486 0.1333 0.1333 0.6458
0.0270 0.2222 0.2222 0.4583
0.2162 0.0000 0.0000 0.1458
0.0541 0.1333 0.1333 0.3125
0.0541 0.0000 0.0000 0.0208
0.3108 0.0667 0.0667 0.5313
0.1486 0.0222 0.0222 0.7083
0.1486 0.0444 0.0444 0.2500
0.0270 0.1333 0.1333 0.7813
0.0541 0.1556 0.1556 0.2500
0.0270 0.0222 0.0222 0.0208
0.0270 0.2444 0.2444 0.9688
0.2162 0.0667 0.0667 0.4479
0.0270 0.1111 0.1111 0.1458
0.0270 0.1111 0.1111 0.2708
0.1486 0.0000 0.0000 0.0938
0.2838 0.0222 0.0222 0.4063
0.1486 0.0667 0.0667 0.6146
0.0541 0.2000 0.2000 0.2708
0.0270 0.1111 0.1111 0.2500
0.0405 0.4444 0.4444 0.4167
0.3108 0.2444 0.2444 0.8750
0.1892 0.0000 0.0000 0.1250
0.0541 0.0000 0.0000 0.0208
0.1892 0.0889 0.0889 0.2500
0.0270 0.4444 0.4444 0.5208
0.1216 0.0889 0.0889 0.1771
0.0270 0.2444 0.2444 0.5208
0.1486 0.5111 0.5111 0.6458
0.2838 0.0444 0.0444 0.3438
0.1486 0.0000 0.0000 0.0938
0.2162 0.0667 0.0667 0.3229
0.2838 0.0444 0.0444 0.3750
0.3108 0.0000 0.0000 0.2188
0.0541 0.0667 0.0667 0.3333
0.5405 0.0000 0.0000 0.3958
0.0541 0.1111 0.1111 0.4688
0.2162 0.0889 0.0889 0.7188
0.0270 0.0889 0.0889 0.2500
0.0541 0.0889 0.0889 0.4583
0.2162 0.0000 0.0000 0.1458
0.0270 0.7333 0.7333 0.7813
0.2162 0.0889 0.0889 0.6042
0.0270 0.0444 0.0444 0.0938
0.1892 0.1556 0.1556 0.4583
0.0541 0.0222 0.0222 0.0208
0.0541 0.1778 0.1778 0.3958
0.0541 0.0000 0.0000 0.0208
0.1892 0.0667 0.0667 0.2708
0.3108 0.1333 0.1333 0.8958
0.1892 0.1111 0.1111 0.3333
0.1892 0.0444 0.0444 0.3229
0.2162 0.0444 0.0444 0.3438
0.2162 0.0222 0.0222 0.1458
0.0541 0.0000 0.0000 0.0208
0.1892 0.0444 0.0444 0.8438
0.3108 0.0444 0.0444 0.4063
0.0541 0.4222 0.4222 0.6979
0.1892 0.0889 0.0889 0.6458
0.0270 0.0000 0.0000 0.0000
0.2838 0.0000 0.0000 0.1979
0.3108 0.0000 0.0000 0.2188
0.0405 0.2000 0.2000 0.3229
0.1622 0.2444 0.2444 0.5833
0.2162 0.0667 0.0667 0.5833
0.1892 0.1556 0.1556 0.5000
0.0270 0.0000 0.0000 0.0000
0.0135 0.2667 0.2667 0.4688
0.0541 0.1333 0.1333 0.5833
0.3108 0.1111 0.1111 0.4479
0.1892 0.1556 0.1556 0.5000
0.2838 0.0444 0.0444 0.3438
0.1892 0.0222 0.0222 0.1979
0.1892 0.1556 0.1556 0.2500
0.2162 0.0667 0.0667 0.2708
0.1486 0.0000 0.0000 0.0938
0.0270 0.0889 0.0889 0.2500
0.1216 0.0222 0.0222 0.1458
0.1486 0.0000 0.0000 0.0938
0.0541 0.0889 0.0889 0.1250
0.0270 0.0444 0.0444 0.2083
0.0270 0.0222 0.0222 0.0938
0.2162 0.2000 0.2000 0.6250
0.0135 0.1333 0.1333 0.5729
0.2162 0.0000 0.0000 0.1458
0.0270 0.0444 0.0444 0.1458
0.0541 0.1111 0.1111 0.2708
0.1486 0.0667 0.0667 0.5833
0.0135 0.2444 0.2444 0.3438
0.0270 0.1111 0.1111 0.1354
0.1892 0.0667 0.0667 0.6458
0.1216 0.1778 0.1778 0.3750
0.3108 0.0444 0.0444 0.4792
0.2162 0.0000 0.0000 0.1458
0.2162 0.0222 0.0222 0.7083
0.0541 0.0444 0.0444 0.2708
0.0270 0.0222 0.0222 0.0938
0.0541 0.0667 0.0667 0.0208
0.1486 0.1111 0.1111 0.4063
0.0270 0.0889 0.0889 0.3646
0.0541 0.1333 0.1333 0.2396
0.0270 0.0222 0.0222 0.4063
0.1486 0.0222 0.0222 0.0938
0.1486 0.1556 0.1556 0.4063
0.1486 0.0000 0.0000 0.0938
0.0541 0.1333 0.1333 0.8333
0.0270 0.0000 0.0000 0.0000
0.0541 0.1111 0.1111 0.5208
0.0270 0.0000 0.0000 0.0000
0.0811 0.3556 0.3556 0.7083
0.2432 0.1556 0.1556 0.9688
0.3378 0.1111 0.1111 0.5000
0.2838 0.0000 0.0000 0.1979
0.0135 0.5111 0.5111 0.7813
0.0000 0.2667 0.2667 0.2708
0.0541 0.0889 0.0889 0.0938
0.1892 0.0000 0.0000 0.1250
0.1486 0.0889 0.0889 0.3750
0.0541 0.0000 0.0000 0.0208
0.3108 0.0000 0.0000 0.2188
0.1486 0.1778 0.1778 0.3750
0.1892 0.0444 0.0444 0.3438
0.0541 0.0889 0.0889 0.5833
0.0541 0.0000 0.0000 0.0208
0.0811 0.0222 0.0222 0.0938
0.2838 0.0000 0.0000 0.1979
0.2162 0.1556 0.1556 0.7708
0.0541 0.1333 0.1333 0.2083
0.0541 0.3333 0.3333 0.7083
0.0270 0.0000 0.0000 0.0000
0.2162 0.1111 0.1111 0.5000
0.0000 0.0444 0.0444 0.0208
0.4730 0.0444 0.0444 0.6458
0.1892 0.0000 0.0000 0.1250
0.0270 0.0889 0.0889 0.6354
0.1486 0.1111 0.1111 0.2500
0.0270 0.0667 0.0667 0.1458
0.0405 0.0222 0.0222 0.2188
0.1486 0.0667 0.0667 0.5938
0.1757 0.0667 0.0667 0.1979
0.0541 0.0889 0.0889 0.3229
0.1892 0.0222 0.0222 0.3438
0.2838 0.0222 0.0222 0.5208
0.5135 0.0000 0.0000 0.3750
0.0541 0.0667 0.0667 0.2500
0.1216 0.1556 0.1556 0.3750
0.0270 0.0000 0.0000 0.0000
0.0270 0.0889 0.0889 0.1458
0.0270 0.0222 0.0222 0.2188
0.2162 0.0444 0.0444 0.1979
0.2838 0.0444 0.0444 0.3750
0.0541 0.1556 0.1556 0.1979
0.2838 0.0444 0.0444 0.3438
0.1216 0.0000 0.0000 0.0729
0.0541 0.0222 0.0222 0.0208
0.0541 0.2222 0.2222 0.2708
0.2838 0.0222 0.0222 0.1979
0.1486 0.1778 0.1778 0.7292
0.0541 0.0000 0.0000 0.0208
0.0541 0.1111 0.1111 0.3438
0.0405 0.0889 0.0889 0.1042
0.3108 0.0222 0.0222 0.8854
0.0270 0.1556 0.1556 0.3750
0.0270 0.1778 0.1778 0.7604
0.1486 0.0889 0.0889 0.3646
0.2162 0.0444 0.0444 0.4583
0.1216 0.0000 0.0000 0.0729
0.2838 0.0000 0.0000 0.1979
0.0541 0.0000 0.0000 0.0208
0.0541 0.0222 0.0222 0.0208
0.1892 0.0444 0.0444 0.3021
0.0270 0.1333 0.1333 0.7813
0.1757 0.1556 0.1556 0.2500
0.0270 0.1111 0.1111 0.7604
0.2162 0.0667 0.0667 0.2188
0.0270 0.2000 0.2000 0.5208
0.1486 0.2889 0.2889 0.7396
0.2838 0.0222 0.0222 0.2188
0.0541 0.1778 0.1778 0.5521
0.1892 0.0222 0.0222 0.2813
0.2162 0.0222 0.0222 0.1458
0.1892 0.1333 0.1333 0.4688
0.1486 0.0222 0.0222 0.1979
0.0946 0.2444 0.2444 0.8750
0.0541 0.0000 0.0000 0.0208
0.3108 0.0667 0.0667 0.4479
0.0270 0.1111 0.1111 0.3438
0.0270 0.0889 0.0889 0.1458
0.1486 0.0000 0.0000 0.0938
0.0541 0.0444 0.0444 0.1458
0.0270 0.0444 0.0444 0.1771
0.1892 0.0222 0.0222 0.1250
0.0270 0.0000 0.0000 0.0000
0.2838 0.0000 0.0000 0.1979
0.0946 0.2889 0.2889 0.4792
0.0541 0.1111 0.1111 0.2917
0.2838 0.0444 0.0444 0.3958
0.3108 0.0222 0.0222 0.2500
0.2838 0.0000 0.0000 0.1979
0.1216 0.0444 0.0444 0.1250
0.5270 0.0000 0.0000 0.3854
0.0405 0.0667 0.0667 0.2813
0.1486 0.0444 0.0444 0.1458
0.1892 0.0667 0.0667 0.2083
0.0541 0.1111 0.1111 0.1458
0.0270 0.1111 0.1111 0.2708
0.1892 0.0000 0.0000 0.1250
0.2838 0.0889 0.0889 0.6042
0.0541 0.0889 0.0889 0.2188
0.1216 0.0444 0.0444 0.5208
0.0270 0.2444 0.2444 0.7083
0.0270 0.2667 0.2667 0.7708
0.3108 0.0444 0.0444 0.3438
0.3108 0.0000 0.0000 0.2188
0.1486 0.0222 0.0222 0.2292
0.0270 0.0444 0.0444 0.1250
0.1486 0.1111 0.1111 0.5833
0.0270 0.2222 0.2222 0.2188
0.0811 0.0444 0.0444 0.2500
0.3108 0.0000 0.0000 0.2188
0.1892 0.0222 0.0222 0.1250
0.0270 0.1778 0.1778 0.2083
0.1892 0.0667 0.0667 0.2917
0.2027 0.3333 0.3333 0.8333
0.1892 0.0222 0.0222 0.3438
0.0270 0.0222 0.0222 0.0208
0.2838 0.0444 0.0444 0.2500
0.0541 0.0889 0.0889 0.1458
0.3108 0.0222 0.0222 0.2500
0.0270 0.2667 0.2667 0.3125
0.0811 0.4667 0.4667 0.2708
0.2027 0.0889 0.0889 0.3229
0.0541 0.1111 0.1111 0.3438
0.2838 0.0222 0.0222 0.2396
0.0270 0.2222 0.2222 0.3958
0.0270 0.1778 0.1778 0.7500
0.1486 0.1556 0.1556 0.4792
0.1486 0.0444 0.0444 0.2708
0.0270 0.0444 0.0444 0.5208
0.0270 0.2222 0.2222 0.8958
0.0676 0.2222 0.2222 0.7604
0.0811 0.0444 0.0444 0.1250
0.0541 0.2444 0.2444 0.8958
0.2838 0.0222 0.0222 0.1979
0.0541 0.0222 0.0222 0.5104
0.0541 0.0222 0.0222 0.0208
0.0405 0.1556 0.1556 0.5000
0.1892 0.1333 0.1333 0.7292
0.0541 0.2000 0.2000 0.2708
0.3108 0.0000 0.0000 0.2188
0.1486 0.0000 0.0000 0.0938
0.0270 0.0222 0.0222 0.2083
0.0270 0.0000 0.0000 0.0000
0.1892 0.0444 0.0444 0.5208
0.2162 0.3333 0.3333 0.7813
0.0541 0.0000 0.0000 0.0208
0.0270 0.0000 0.0000 0.0000
0.0270 0.2222 0.2222 0.4583
0.1892 0.0000 0.0000 0.1250
0.1892 0.0222 0.0222 0.1250
0.0270 0.0222 0.0222 0.0208
0.2162 0.0000 0.0000 0.1458
0.0270 0.0667 0.0667 0.0938
0.1892 0.3778 0.3778 0.7917
0.0541 0.1111 0.1111 0.4271
0.0946 0.0222 0.0222 0.1458
0.0270 0.0000 0.0000 0.0000
0.0270 0.0000 0.0000 0.0000
0.0946 0.2222 0.2222 0.9063
0.1892 0.0222 0.0222 0.1250
0.0541 0.1778 0.1778 0.4583
0.0270 0.0000 0.0000 0.0000
0.1486 0.0667 0.0667 0.2604
0.3108 0.0667 0.0667 0.5208
0.0270 0.0222 0.0222 0.3229
0.0270 0.1111 0.1111 0.4688
0.3108 0.1111 0.1111 0.7083
0.0270 0.0000 0.0000 0.0000
0.1486 0.0222 0.0222 0.2396
0.0270 0.0667 0.0667 0.1250
0.2838 0.0000 0.0000 0.1979
0.1892 0.0667 0.0667 0.2188
0.0270 0.0000 0.0000 0.0000
0.1622 0.2222 0.2222 0.2188
0.0270 0.0000 0.0000 0.0000
0.0541 0.1333 0.1333 0.5833
0.0676 0.5111 0.5111 0.8021
0.0541 0.4889 0.4889 0.5833
0.1892 0.0222 0.0222 0.1250
0.1216 0.1778 0.1778 0.5417
0.0270 0.2889 0.2889 0.4792
0.3108 0.0000 0.0000 0.2188
0.0541 0.1111 0.1111 0.3750
0.1081 0.1556 0.1556 0.5208
0.1892 0.0222 0.0222 0.1250
0.2162 0.0222 0.0222 0.2604
0.0270 0.1111 0.1111 0.2083
0.0270 0.0444 0.0444 0.0208
