0.0000 0.4213 0.6706 0.0039 0.0000 0.0105 0.0335 0.0176 0.0000
0.2026 0.2750 0.1595 0.1796 0.0188 0.0896 0.0995 0.2129 0.1800
0.0213 0.4758 0.4301 0.0168 0.0016 0.0467 0.0535 0.0304 0.0226
0.0346 0.4929 0.3909 0.0335 0.0044 0.0853 0.0612 0.0525 0.0415
0.0078 0.3456 0.3281 0.0009 0.0000 0.0136 0.0245 0.0186 0.0036
0.2473 0.0845 0.1287 0.1489 0.0016 0.0023 0.0403 0.1849 0.1912
0.0583 0.1927 0.1856 0.0375 0.0012 0.0192 0.0231 0.0662 0.0446
0.3741 0.2497 0.2575 0.3519 0.0435 0.1120 0.1823 0.3917 0.3125
0.5728 0.1983 0.2863 0.5337 0.0676 0.1167 0.2417 0.5828 0.4611
0.0735 0.2815 0.1909 0.0431 0.0050 0.0800 0.0492 0.0679 0.0761
0.0963 0.5444 0.5817 0.1008 0.0185 0.1523 0.1435 0.1146 0.1082
0.1361 0.5802 0.5464 0.1580 0.0465 0.2631 0.1787 0.1757 0.1726
0.1138 0.8829 0.6810 0.2263 0.0605 0.2458 0.1391 0.2594 0.1384
0.0421 0.3047 0.2523 0.0325 0.0012 0.0224 0.0346 0.0585 0.0326
0.0552 0.2709 0.1830 0.0181 0.0024 0.0690 0.0410 0.0386 0.0562
0.0627 0.2286 0.1333 0.0423 0.0037 0.0595 0.0283 0.0709 0.0584
0.0979 0.7740 0.5961 0.1467 0.0401 0.2419 0.1580 0.1668 0.1251
0.0067 0.4677 0.2941 0.0046 0.0004 0.0266 0.0328 0.0201 0.0061
0.0885 0.2301 0.2627 0.0627 0.0075 0.0894 0.0492 0.0904 0.0939
0.0640 0.4092 0.4758 0.0689 0.0097 0.1083 0.0732 0.0931 0.0745
0.5313 0.2200 0.1320 0.5918 0.0616 0.0946 0.2070 0.6500 0.3871
0.1472 0.6211 0.2196 0.1913 0.0559 0.2658 0.1609 0.2194 0.1723
0.0360 0.0732 0.3438 0.0217 0.0009 0.0223 0.0063 0.0509 0.0336
0.4756 0.2311 0.2915 0.1752 0.0500 0.2572 0.3156 0.1546 0.5050
0.1638 0.1483 0.1281 0.0777 0.0064 0.0628 0.0501 0.1073 0.1546
0.0617 0.5641 0.1961 0.0582 0.0109 0.1405 0.0859 0.0771 0.0736
0.6292 0.1640 0.4183 0.3506 0.0789 0.2110 0.3494 0.3660 0.6127
0.1231 0.1867 0.4261 0.0996 0.0073 0.0570 0.0687 0.1288 0.1112
0.0278 0.3966 0.3098 0.0198 0.0023 0.0626 0.0419 0.0406 0.0304
0.0349 0.3476 0.2627 0.0132 0.0019 0.0655 0.0444 0.0294 0.0385
0.8146 0.0943 0.3804 0.1588 0.0288 0.1590 0.3988 0.0596 0.8499
0.0926 0.3169 0.2941 0.0468 0.0057 0.0859 0.0834 0.0629 0.0930
0.1064 0.3981 0.3072 0.0948 0.0138 0.1186 0.0976 0.1185 0.1098
0.0258 0.3320 0.1961 0.0171 0.0007 0.0217 0.0265 0.0420 0.0180
0.1245 0.5782 0.2379 0.0970 0.0276 0.2386 0.1701 0.1005 0.1445
0.5796 0.0000 0.2336 0.0510 0.0076 0.1085 0.1025 0.0688 0.5851
0.0278 0.4581 0.5229 0.0210 0.0024 0.0627 0.0649 0.0308 0.0328
0.6845 0.1139 0.1551 0.1444 0.0180 0.1062 0.2184 0.1480 0.6554
0.0934 0.1493 0.2824 0.0670 0.0055 0.0612 0.0458 0.0971 0.0891
0.5038 0.0822 0.2170 0.3566 0.0316 0.0777 0.1151 0.4022 0.4704
0.0349 0.3476 0.2627 0.0132 0.0019 0.0655 0.0444 0.0294 0.0385
0.0304 0.3971 0.2837 0.0194 0.0017 0.0460 0.0441 0.0393 0.0307
0.1664 0.6362 0.2431 0.2349 0.0678 0.2665 0.1631 0.2666 0.1919
0.0730 0.5136 0.4366 0.0742 0.0170 0.1828 0.1013 0.0929 0.0946
0.2028 0.0827 0.3961 0.1889 0.0020 0.0023 0.0603 0.2264 0.1457
0.6478 0.1930 0.2543 0.2242 0.0748 0.3084 0.3553 0.2087 0.6466
0.0661 0.6357 0.9438 0.1324 0.0300 0.1970 0.0897 0.1623 0.0988
1.0000 0.2043 0.4693 0.5400 0.1796 0.3214 0.6788 0.5171 1.0000
0.6478 0.1761 0.5464 0.2927 0.0492 0.1538 0.4689 0.2621 0.6434
0.1027 0.6604 0.6601 0.1130 0.0306 0.2317 0.1887 0.1160 0.1330
0.0445 0.3229 0.2732 0.0129 0.0007 0.0268 0.0525 0.0225 0.0460
0.5551 0.1720 0.0000 0.3998 0.0722 0.1684 0.2237 0.4473 0.4872
0.8257 0.1554 0.7856 0.3426 0.1451 0.4041 0.7664 0.1831 0.9242
0.6292 0.0631 0.2039 0.2696 0.0249 0.0803 0.1393 0.3067 0.5836
0.0271 0.2240 0.2680 0.0009 0.0001 0.0140 0.0240 0.0191 0.0242
0.1419 0.6297 0.3752 0.2244 0.0462 0.1874 0.1329 0.2581 0.1502
0.0710 0.5616 1.0000 0.1679 0.0314 0.1652 0.0673 0.2037 0.1156
0.0831 0.3718 0.2824 0.0542 0.0091 0.1246 0.0823 0.0730 0.0917
0.0695 0.3809 0.2235 0.0527 0.0064 0.0883 0.0648 0.0758 0.0741
0.0545 0.1004 0.1503 0.0491 0.0009 0.0096 0.0026 0.0806 0.0387
0.5921 0.0913 0.3210 0.0968 0.0703 0.6192 0.2624 0.0000 0.7531
0.6011 0.1165 0.0850 0.3683 0.0171 0.0367 0.1482 0.4139 0.4923
0.0348 0.0222 0.2941 0.0086 0.0001 0.0078 0.0000 0.0374 0.0273
0.0545 0.1609 0.0954 0.0360 0.0033 0.0605 0.0229 0.0659 0.0553
0.0152 0.3128 0.2105 0.0000 0.0000 0.0122 0.0237 0.0171 0.0128
0.7405 0.3158 0.8314 0.4128 0.2041 0.4775 1.0000 0.1241 0.8430
0.0520 0.0797 0.2497 0.0468 0.0018 0.0247 0.0047 0.0781 0.0500
0.0823 0.6135 0.6614 0.2008 0.0323 0.1434 0.0645 0.2397 0.1219
0.2184 0.0394 0.2863 0.1639 0.0013 0.0000 0.0374 0.2011 0.1693
0.9258 0.5439 0.5137 1.0000 1.0000 1.0000 0.9593 1.0000 0.9163
0.1479 0.1529 0.1765 0.0322 0.0044 0.0866 0.0592 0.0515 0.1512
0.0742 0.1473 0.1987 0.0028 0.0002 0.0181 0.0324 0.0152 0.0710
0.5168 0.2644 0.2784 0.5946 0.0631 0.0966 0.2343 0.6489 0.3800
0.7034 0.1584 0.3569 0.2976 0.0878 0.2768 0.3766 0.2968 0.6993
0.6663 0.1216 0.3373 0.2424 0.0425 0.1591 0.3046 0.2474 0.6493
0.8331 0.1998 0.6327 0.4748 0.1588 0.3217 0.6577 0.4413 0.8416
0.0182 0.4435 0.5503 0.0140 0.0001 0.0071 0.0544 0.0234 0.0201
0.5180 0.1276 0.2183 0.3405 0.0269 0.0683 0.1646 0.3811 0.4370
0.0877 0.0954 0.1804 0.0661 0.0015 0.0132 0.0277 0.0982 0.0660
0.0156 0.3042 0.3307 0.0015 0.0001 0.0141 0.0288 0.0156 0.0135
0.0400 0.1201 0.3007 0.0106 0.0005 0.0206 0.0147 0.0370 0.0332
0.4330 0.1922 0.2471 0.5132 0.0203 0.0302 0.1420 0.5678 0.2779
