0.0000 0.2800 1.0000 0.0000 0.0000 1.0000 1.0000 1.0000 0.2021
0.3350 0.5600 1.0000 0.0000 0.0000 1.0000 1.0000 1.0000 0.0000
0.3350 0.0600 1.0000 1.0000 0.0000 0.5000 0.7500 0.5000 0.7340
0.3350 0.3400 1.0000 1.0000 0.0000 0.5000 0.7500 0.0000 0.4681
0.0000 0.0600 1.0000 1.0000 0.0000 1.0000 1.0000 0.5000 0.2660
1.0000 0.1200 0.0000 0.0000 0.0000 1.0000 0.7500 0.5000 1.0000
0.0000 0.2800 1.0000 0.0000 1.0000 0.5000 1.0000 0.5000 0.1383
0.3350 0.1200 1.0000 0.0000 0.0000 0.5000 1.0000 0.0000 0.6064
1.0000 0.2800 0.0000 0.0000 1.0000 0.5000 0.7500 0.0000 0.2021
0.0000 0.2200 1.0000 0.0000 0.0000 0.5000 0.7500 0.5000 0.4681
0.0000 0.0600 1.0000 0.0000 0.0000 1.0000 0.7500 0.0000 0.2660
0.3350 1.0000 1.0000 1.0000 1.0000 0.5000 0.5000 0.0000 0.3404
0.0000 0.3400 1.0000 1.0000 1.0000 0.5000 1.0000 0.0000 0.2660
1.0000 0.3800 1.0000 0.0000 1.0000 0.0000 1.0000 0.0000 0.4043
0.0000 0.0000 1.0000 0.0000 0.0000 1.0000 0.7500 0.0000 0.4043
0.0000 0.1200 1.0000 0.0000 0.0000 0.5000 1.0000 0.0000 0.4043
0.6650 0.5000 1.0000 0.0000 1.0000 0.5000 0.7500 0.0000 0.4043
0.0000 0.6200 1.0000 1.0000 1.0000 1.0000 0.7500 0.5000 0.1383
1.0000 0.3800 1.0000 0.0000 1.0000 0.5000 0.7500 0.0000 0.2021
0.0000 0.5000 1.0000 0.0000 1.0000 1.0000 0.5000 0.5000 0.5319
1.0000 0.1600 0.0000 0.0000 0.0000 1.0000 0.7500 1.0000 0.4043
0.3350 0.8400 1.0000 1.0000 0.0000 1.0000 1.0000 0.0000 0.6064
0.3350 0.0000 1.0000 1.0000 0.0000 0.0000 0.7500 0.5000 0.8723
0.3350 0.1600 1.0000 1.0000 1.0000 0.0000 0.7500 0.5000 0.1383
0.3350 0.8800 1.0000 0.0000 1.0000 0.5000 0.7500 1.0000 0.2660
0.3350 0.3400 0.0000 0.0000 0.0000 0.0000 0.7500 0.0000 0.4043
0.3350 0.6600 1.0000 1.0000 1.0000 0.5000 1.0000 0.0000 0.2660
0.3350 0.1200 0.0000 0.0000 1.0000 0.5000 1.0000 0.0000 0.5319
0.3350 0.1200 1.0000 1.0000 0.0000 0.5000 0.2500 1.0000 0.6064
0.0000 0.0600 1.0000 1.0000 0.0000 1.0000 0.7500 0.0000 0.3404
0.3350 0.2800 1.0000 1.0000 1.0000 0.5000 0.7500 0.0000 0.2660
1.0000 0.2800 1.0000 0.0000 1.0000 0.5000 1.0000 0.0000 0.3404
0.0000 0.0600 1.0000 0.0000 0.0000 1.0000 0.7500 0.0000 0.6064
1.0000 0.5600 1.0000 1.0000 1.0000 0.5000 0.5000 0.5000 0.0745
0.3350 0.5000 1.0000 1.0000 1.0000 0.5000 0.5000 1.0000 0.2021
1.0000 0.3400 1.0000 1.0000 0.0000 0.0000 0.7500 0.5000 0.2660
0.3350 0.3800 1.0000 1.0000 1.0000 0.0000 1.0000 0.0000 0.7340
1.0000 0.5000 1.0000 1.0000 1.0000 0.5000 0.7500 1.0000 0.2021
0.3350 0.3400 1.0000 0.0000 1.0000 0.5000 0.7500 0.0000 0.1383
1.0000 0.1200 1.0000 0.0000 0.0000 0.5000 1.0000 0.0000 0.4043
0.3350 0.7800 1.0000 1.0000 0.0000 0.5000 0.5000 1.0000 0.2660
1.0000 0.1200 1.0000 0.0000 0.0000 1.0000 0.5000 0.5000 0.4681
1.0000 0.2800 0.0000 0.0000 0.0000 0.5000 1.0000 0.0000 0.6064
1.0000 0.6200 1.0000 1.0000 0.0000 0.5000 1.0000 1.0000 0.4681
0.3350 0.8400 1.0000 0.0000 0.0000 1.0000 0.5000 0.0000 0.1383
0.3350 0.0000 1.0000 0.0000 0.0000 1.0000 0.7500 0.5000 0.2660
0.0000 0.3400 0.0000 0.0000 1.0000 0.5000 0.5000 0.5000 0.4681
0.3350 0.3400 1.0000 0.0000 1.0000 0.5000 0.7500 0.5000 0.4681
1.0000 0.5000 1.0000 1.0000 1.0000 0.5000 1.0000 1.0000 0.2021
1.0000 0.6200 1.0000 0.0000 0.0000 0.5000 1.0000 0.0000 0.3404
0.3350 0.0000 1.0000 0.0000 0.0000 1.0000 1.0000 0.0000 0.4362
0.0000 0.2200 1.0000 1.0000 1.0000 0.5000 0.5000 0.0000 0.3404
0.3350 0.2200 1.0000 0.0000 1.0000 0.5000 1.0000 0.0000 0.6064
0.0000 0.1200 1.0000 1.0000 0.0000 0.5000 0.7500 1.0000 0.4681
0.3350 0.0600 1.0000 1.0000 0.0000 0.5000 0.7500 0.5000 0.4681
0.0000 0.3800 1.0000 0.0000 0.0000 0.5000 1.0000 0.0000 0.2660
0.0000 0.5600 1.0000 1.0000 0.0000 1.0000 0.5000 0.0000 0.3404
1.0000 0.3400 1.0000 0.0000 0.0000 0.5000 1.0000 0.0000 0.2021
0.0000 0.3400 1.0000 0.0000 0.0000 0.5000 1.0000 0.0000 0.4681
1.0000 0.1600 1.0000 1.0000 1.0000 0.5000 0.7500 0.5000 0.4043
1.0000 0.3400 0.0000 0.0000 1.0000 0.5000 0.7500 0.0000 0.2021
0.0000 0.0600 1.0000 1.0000 1.0000 0.5000 0.7500 1.0000 0.4681
0.3350 0.6200 1.0000 1.0000 1.0000 1.0000 0.7500 0.0000 0.3404
0.3350 0.1600 1.0000 0.0000 1.0000 0.5000 0.7500 1.0000 0.1383
0.0000 0.1200 1.0000 0.0000 1.0000 0.5000 1.0000 0.0000 0.6064
1.0000 0.3400 1.0000 1.0000 0.0000 0.5000 0.7500 0.0000 0.2021
0.3350 0.0000 1.0000 0.0000 1.0000 0.0000 0.7500 0.0000 0.4681
1.0000 0.1200 1.0000 1.0000 1.0000 0.5000 1.0000 0.0000 0.6064
0.0000 0.4400 1.0000 1.0000 1.0000 1.0000 0.7500 0.0000 0.1383
0.0000 0.5600 1.0000 0.0000 1.0000 0.5000 1.0000 0.0000 0.2021
0.6650 0.5000 1.0000 1.0000 0.0000 0.5000 0.7500 0.0000 0.3404
1.0000 0.3400 1.0000 0.0000 1.0000 0.5000 0.5000 0.0000 0.3404
1.0000 0.2200 1.0000 0.0000 0.0000 0.5000 1.0000 0.0000 0.2021
0.0000 1.0000 1.0000 0.0000 1.0000 1.0000 0.5000 0.5000 0.2021
0.3350 0.5000 1.0000 1.0000 1.0000 1.0000 0.7500 1.0000 0.2021
0.0000 0.1600 1.0000 0.0000 1.0000 0.0000 0.7500 1.0000 0.4681
0.3350 0.4400 1.0000 1.0000 0.0000 0.5000 0.5000 1.0000 0.1383
