0.9375 0.3636 0.0192
0.4792 0.1818 0.0385
0.4583 0.6364 0.0000
0.2083 0.0000 0.0000
0.5000 0.6364 0.4423
0.5417 0.1818 0.0000
0.2292 0.0000 0.0000
0.7292 0.7273 0.2885
0.5000 0.9091 0.1346
0.0625 0.0000 0.1923
0.2917 0.2727 0.0000
0.4375 0.0909 0.2500
0.3542 0.7273 0.0000
0.6458 0.6364 0.0000
0.2292 0.1818 0.4423
0.5833 0.2727 0.0192
0.6458 0.0909 0.0000
0.2500 0.0000 0.0000
0.4792 0.6364 0.2308
0.3125 0.1818 0.0000
0.1042 0.4545 0.0000
0.6458 0.5455 0.0000
0.7708 0.4545 0.0192
0.1667 0.3636 0.0577
0.5000 0.6364 0.0962
0.3333 0.0000 0.0577
0.2708 0.5455 0.0577
0.6250 0.6364 0.0000
0.7708 0.6364 0.0000
0.4792 0.4545 0.4615
0.1667 0.1818 0.0000
0.6042 0.5455 0.1346
0.1875 0.8182 0.0000
0.4167 0.0909 0.0000
0.3333 1.0000 0.0577
0.3958 0.8182 0.0192
0.2917 0.4545 0.3654
0.4583 1.0000 0.0577
0.5208 0.4545 0.1154
0.6875 0.4545 0.0000
0.3958 0.5455 0.1923
0.5417 0.7273 0.0577
0.3958 0.1818 0.0192
0.7708 0.7273 0.0000
0.2500 0.1818 0.0192
0.4375 0.7273 0.0192
0.2917 0.2727 0.0000
0.5833 0.0000 0.0577
0.2083 0.6364 0.0000
0.3750 0.3636 0.0385
0.4167 0.5455 0.0000
0.4583 0.4545 0.0769
0.6667 0.0909 0.2500
0.7708 0.7273 0.0000
0.4792 0.4545 0.0000
0.1667 0.7273 0.2115
0.6458 0.0909 0.0000
0.6875 0.1818 0.0192
0.6250 0.0909 0.3269
0.3542 0.3636 0.0000
0.7500 0.0000 0.0000
0.8333 0.4545 0.0000
0.6042 0.5455 0.0000
0.2500 0.0909 0.0000
0.3958 0.3636 0.0192
0.4375 0.6364 0.0000
0.3333 0.4545 0.0000
0.3542 0.8182 0.0000
0.7083 0.9091 0.0000
0.9583 0.8182 0.0000
0.5417 0.1818 0.0000
0.3125 0.5455 0.0000
0.6042 0.3636 0.6731
0.0833 0.1818 0.0192
0.3542 0.0000 0.0577
0.7292 0.2727 0.0385
0.8750 0.8182 0.0577
0.4167 0.0909 0.0385
0.8125 0.1818 0.0000
0.8750 0.5455 0.0000
0.5625 0.3636 0.0000
0.1667 0.7273 0.0000
0.7708 0.2727 0.0000
0.1667 0.5455 0.0192
0.1458 0.4545 0.0000
0.6875 0.3636 0.0000
0.3958 0.2727 0.0000
0.2708 0.7273 0.0769
0.4167 0.2727 0.0000
0.9792 0.6364 0.0577
0.4792 0.0909 0.0577
0.4375 0.5455 0.1346
0.4167 0.2727 0.1154
0.4167 0.4545 0.0192
0.6667 0.6364 0.3654
0.0208 0.0909 0.0385
0.5625 0.8182 0.0000
0.0833 0.0909 0.0000
0.1458 0.1818 0.0000
0.8958 0.3636 0.0000
0.7292 0.0000 0.0000
0.2917 0.4545 0.0192
0.5208 0.9091 0.2885
0.7083 0.6364 0.4231
0.5208 0.8182 0.0192
0.6042 0.5455 0.0192
0.2708 0.5455 0.0000
0.3958 0.3636 0.0000
0.9167 0.4545 0.0000
0.5000 0.0000 0.0192
0.3750 0.2727 0.1538
0.5417 0.7273 0.0192
0.1458 0.0000 0.0000
0.0208 0.6364 0.0769
0.6875 0.4545 0.0000
0.6667 0.0000 0.0000
0.7083 0.2727 0.0000
0.6667 0.7273 0.0000
0.6042 0.1818 0.0000
0.4792 0.1818 0.1731
0.4167 0.2727 0.0000
0.8333 0.8182 0.0000
0.4583 0.3636 0.0192
0.4167 0.7273 0.0192
0.3333 0.6364 0.3846
0.3750 0.7273 0.0000
0.1458 0.0909 0.1154
0.2292 0.6364 0.0000
0.3542 0.4545 0.4423
0.3542 0.2727 0.0000
0.7292 0.8182 0.0192
0.5625 0.2727 0.0000
0.1458 0.1818 0.2885
0.2292 0.0909 0.1538
0.5625 0.5455 0.0192
0.3333 0.0000 0.0385
0.5833 0.8182 0.0000
0.3125 0.8182 0.0192
0.6042 0.4545 0.0000
0.5000 0.8182 0.8846
0.4583 0.2727 0.0000
0.5417 0.7273 0.0385
0.9167 0.6364 0.0577
0.4167 0.4545 0.2500
0.8333 0.0000 0.0769
0.4792 0.0000 0.0769
0.7292 0.8182 0.0000
0.3125 0.8182 0.0000
0.2917 0.8182 0.3077
0.2292 0.6364 0.0000
0.8125 0.8182 0.1538
0.1250 0.1818 0.0192
0.3125 0.7273 0.0000
0.5833 0.0909 0.0000
0.1667 0.0909 0.0385
0.8125 0.6364 0.0000
0.5208 0.0000 0.0192
0.4583 0.7273 0.0769
0.6458 0.0909 0.0000
0.8958 0.9091 0.0000
0.6667 0.7273 0.0000
0.5625 0.5455 0.0000
0.2292 0.8182 0.0000
0.4583 0.3636 0.0577
0.4583 0.1818 0.0962
0.8750 0.4545 0.0000
0.5208 0.7273 0.3462
0.4792 0.1818 0.0192
0.6250 0.5455 0.0000
0.1667 0.8182 0.0962
0.2083 0.0000 0.0385
0.5417 0.6364 0.1731
0.4792 0.6364 0.0192
0.3125 0.6364 0.1154
0.2708 0.6364 0.0000
0.1042 0.5455 0.2500
0.3958 0.7273 0.0000
0.2292 0.0909 0.0000
0.3958 0.4545 0.0000
0.4792 0.0000 0.0192
0.2500 0.4545 0.0192
0.6250 0.2727 0.4808
