0.0000 0.2633 0.2633
1.0000 1.0000 1.0000
0.5009 1.0000 1.0000
0.2633 0.2633 0.0000
0.2633 0.0000 0.2633
0.0000 0.2633 0.2633
0.5009 1.0000 0.5009
0.7504 0.5009 0.5009
0.0000 0.2633 0.0000
0.2633 0.0000 0.0000
0.0000 0.0000 0.5265
0.0000 0.7898 0.7898
0.7504 1.0000 1.0000
0.2633 0.7898 0.7898
0.7504 0.7504 0.5009
0.0000 0.5265 0.2633
0.5009 0.5009 1.0000
0.2633 0.0000 0.5265
1.0000 0.5009 0.5009
0.2633 0.0000 0.0000
0.2633 0.2633 0.7898
0.5009 0.7504 0.7504
0.2633 0.2633 0.0000
0.2633 0.0000 0.0000
0.0000 0.2633 0.2633
0.2633 0.0000 0.2633
1.0000 0.7504 1.0000
0.2633 0.0000 0.2633
0.5265 0.2633 0.0000
0.7898 0.0000 0.2633
0.2633 0.0000 0.5265
0.0000 0.2633 0.0000
0.0000 0.5265 0.2633
0.0000 0.0000 0.2633
0.5265 0.5265 0.0000
0.0000 0.0000 0.2633
0.0000 0.2633 0.2633
0.2633 0.2633 0.0000
0.0000 0.5265 0.2633
0.5265 0.2633 0.0000
0.7504 1.0000 0.7504
0.5265 0.2633 0.0000
0.0000 0.5265 0.7898
0.0000 0.5265 0.0000
0.0000 0.2633 0.0000
0.2633 0.0000 0.0000
0.2633 0.2633 0.0000
0.7898 0.0000 0.7898
0.0000 0.5265 0.2633
0.2633 0.0000 0.5265
0.2633 0.0000 0.2633
0.7898 0.0000 0.5265
0.7504 0.5009 1.0000
0.7898 0.5265 0.2633
0.2633 0.0000 0.0000
0.0000 0.0000 0.2633
0.2633 0.7898 0.2633
0.2633 0.0000 0.7898
0.0000 0.2633 0.2633
0.7504 0.7504 1.0000
0.2633 0.0000 0.5265
0.2633 0.0000 0.5265
0.0000 0.2633 0.2633
0.5265 0.2633 0.0000
0.0000 0.2633 0.0000
0.0000 0.5265 0.2633
0.0000 0.0000 0.2633
0.2633 0.0000 0.2633
0.2633 0.0000 0.2633
0.0000 0.2633 0.2633
0.0000 0.0000 0.2633
0.5265 0.2633 0.0000
0.7504 1.0000 0.5009
0.7898 0.7898 0.2633
0.7898 0.0000 0.0000
0.5265 0.0000 0.0000
0.0000 0.7898 0.0000
0.2633 0.5265 0.2633
0.5009 0.7504 1.0000
0.7898 0.2633 0.7898
0.5265 0.2633 0.5265
0.5265 0.2633 0.7898
0.0000 0.5265 0.2633
0.0000 0.7898 0.5265
0.0000 0.2633 0.0000
0.0000 0.2633 0.0000
0.5265 0.7898 0.0000
0.0000 0.0000 0.2633
0.2633 0.2633 0.0000
0.2633 0.0000 0.5265
0.5265 0.2633 0.0000
0.2633 0.2633 0.0000
0.0000 0.5265 0.5265
