0.4884 0.0040 0.0051 0.0787 0.0151 0.0026 0.6377 0.4565 0.2500
0.2674 0.0040 0.0051 0.0879 0.0055 0.0026 0.3768 0.3043 0.2500
0.3372 0.0214 0.0459 0.0953 0.0925 0.0289 0.3913 0.4565 0.4464
0.2326 0.0040 0.0051 0.0757 0.0186 0.0033 0.5652 0.5217 0.3571
0.4535 0.2962 0.5969 0.0391 0.0060 0.0270 0.5652 0.2609 0.1643
0.4767 0.0322 0.0816 0.0977 0.0236 0.0112 0.3478 0.3043 0.2857
0.4419 0.4035 0.7194 0.1085 0.0276 0.0244 0.3623 0.2609 0.2143
0.5116 0.0550 0.1122 0.1070 0.0015 0.0130 0.6232 0.3261 0.1857
0.5349 0.0308 0.0765 0.0459 0.0698 0.0297 0.7536 0.4783 0.2143
0.7209 0.0054 0.0051 0.0498 0.0060 0.0045 0.2464 0.2391 0.2857
0.5814 0.0054 0.0051 0.0757 0.0050 0.0018 0.5217 0.3478 0.2143
0.6512 0.0040 0.0051 0.0528 0.0106 0.0033 0.6232 0.5652 0.3571
0.4767 0.0040 0.0051 0.0572 0.0040 0.0098 0.5797 0.6087 0.4286
0.5814 0.0067 0.0051 0.1109 0.0025 0.0016 0.4928 0.4130 0.2857
0.5698 0.0040 0.0000 0.0581 0.0050 0.0047 0.3043 0.2174 0.2143
0.1860 0.0094 0.0204 0.0318 0.0050 0.0041 0.1739 0.2174 0.3393
0.3023 0.0054 0.0051 0.0581 0.0181 0.0096 0.7391 0.7391 0.4286
0.2558 0.0214 0.0408 0.0459 0.0221 0.0118 0.4928 0.3913 0.2857
0.1744 0.0134 0.0357 0.0562 0.0015 0.0033 0.7681 0.8043 0.4643
0.7674 0.0362 0.0765 0.0660 0.0151 0.0037 0.4203 0.2391 0.1786
0.6512 0.0483 0.0918 0.0855 0.0548 0.0691 0.6377 0.5217 0.2857
0.4070 0.0027 0.0051 0.0611 0.0090 0.0067 0.7826 0.5217 0.2143
0.3605 0.0214 0.0510 0.0796 0.0116 0.0254 0.4783 0.3913 0.2857
0.3953 0.0067 0.0102 0.1207 0.0025 0.0030 0.4058 0.3913 0.3571
0.4419 0.0054 0.0051 0.0513 0.0075 0.0016 0.5072 0.4783 0.3571
0.7093 0.0094 0.0204 0.3043 0.0030 0.0073 0.4348 0.1304 0.1250
1.0000 0.0094 0.0102 0.0743 0.0181 0.0252 0.6087 0.4565 0.2500
0.3721 0.0322 0.0714 0.1182 0.0090 0.0134 0.4638 0.3478 0.2500
0.6163 0.0550 0.1122 0.1231 0.0553 0.0193 0.6232 0.6739 0.4643
0.7674 0.0134 0.0255 0.0405 0.0010 0.0028 0.5072 0.6304 0.5643
0.2558 0.0040 0.0051 0.0396 0.0131 0.0047 0.7971 0.7391 0.3929
0.3837 0.0054 0.0051 0.0645 0.0251 0.0061 0.7971 0.8913 0.5357
0.5930 0.1046 0.1939 0.6287 0.0211 0.0112 0.5797 0.4348 0.2500
0.4419 0.0013 0.0000 0.0484 0.0729 0.0199 0.7826 0.6739 0.3214
0.5930 0.1836 0.3827 0.3356 0.0126 0.0108 0.3333 0.1522 0.1679
0.6279 0.0054 0.0051 0.0327 0.0070 0.0030 0.6232 0.6739 0.4643
0.2093 0.0054 0.0051 0.0660 0.0050 0.0033 0.5942 0.6522 0.4643
0.4884 0.0134 0.0153 0.1148 0.2508 0.1246 0.1304 0.0217 0.1071
0.6628 0.0040 0.0051 0.0401 0.0216 0.0063 0.4493 0.3913 0.3107
0.6512 0.0643 0.1173 0.0513 0.0583 0.0390 0.5942 0.4348 0.2500
0.8140 0.0094 0.0153 0.0738 0.0060 0.0041 0.7826 0.6957 0.3571
0.2558 0.0027 0.0051 0.0278 0.0176 0.0083 0.7536 0.6739 0.3571
0.4302 0.0308 0.0612 0.2526 0.0663 0.0118 0.7681 0.6739 0.3571
0.5349 0.0161 0.0357 0.0757 0.0040 0.0020 0.4638 0.4348 0.3429
0.6512 0.0214 0.0357 0.0620 0.0176 0.0061 0.4783 0.4130 0.2857
0.2791 0.0067 0.0051 0.1236 0.0075 0.0026 0.8406 1.0000 0.6429
0.7674 0.0121 0.0102 0.3063 0.0417 0.0061 0.1304 0.3913 0.2500
0.3256 0.0040 0.0051 0.1041 0.0462 0.0366 0.4783 0.4348 0.3321
0.3256 0.3029 0.5714 0.1158 0.2372 0.0539 0.6377 0.5652 0.3214
0.8256 0.0335 0.0612 0.0757 0.0116 0.0055 0.0435 0.1304 0.3571
0.5581 0.0067 0.0051 0.0454 0.0126 0.0069 0.3188 0.4348 0.5000
0.2558 0.0080 0.0102 0.0489 0.0191 0.0124 0.6377 0.6087 0.3571
0.1512 0.0067 0.0051 0.1055 0.0151 0.0073 0.6667 0.6739 0.4286
0.2558 0.5684 1.0000 0.1597 0.0327 0.0260 0.6957 0.3696 0.1786
0.1047 0.0147 0.0204 0.2501 0.0095 0.0028 0.7536 0.6522 0.3214
0.6977 0.0094 0.0153 0.0674 0.0040 0.0018 0.6087 0.6957 0.5000
0.2093 0.0845 0.1582 0.3845 0.0724 0.0484 0.5072 0.4130 0.2857
0.7209 0.1984 0.3878 0.1431 0.1563 0.1122 0.5507 0.2826 0.1429
0.6512 0.0228 0.0459 0.0625 0.0523 0.0482 0.1884 0.1522 0.2143
0.3721 0.0054 0.0051 0.0464 0.0095 0.0059 0.4783 0.2826 0.1786
0.2907 0.0054 0.0051 0.0454 0.0010 0.0010 0.5942 0.6087 0.3929
0.7209 0.0080 0.0102 0.0620 0.0101 0.0089 0.3768 0.2609 0.2143
0.4651 0.0201 0.0255 0.1148 0.1849 0.1203 0.5652 0.5217 0.3571
0.4419 0.0054 0.0051 0.0645 0.0040 0.0010 0.5797 0.4565 0.2857
0.0698 0.0054 0.0000 0.1622 0.0075 0.0132 0.7101 0.5870 0.3214
0.7093 0.0201 0.0357 0.0523 0.0131 0.0067 0.1594 0.1087 0.2071
0.3140 0.0054 0.0051 0.0743 0.0025 0.0022 0.7101 0.6739 0.3929
0.5116 0.0268 0.0510 0.2399 0.0658 0.0128 0.6957 0.5870 0.3214
0.3140 0.0121 0.0204 0.0591 0.0095 0.0045 0.5942 0.5435 0.3571
0.5698 0.0054 0.0051 0.0635 0.0432 0.0096 0.5797 0.5870 0.4143
0.2558 0.0027 0.0051 0.0386 0.0010 0.0045 0.4348 0.3261 0.2679
0.3953 0.0040 0.0051 0.0747 0.1704 0.0193 0.6232 0.5652 0.3571
0.1628 0.0054 0.0051 0.1070 0.0312 0.0264 0.4058 0.3478 0.2857
0.5814 0.0054 0.0051 0.0576 0.0126 0.0020 0.4058 0.3913 0.3429
0.1628 0.0054 0.0051 0.1070 0.0312 0.0264 0.4058 0.3478 0.2857
0.5116 0.0094 0.0306 0.2267 0.0844 0.0488 0.7681 0.7174 0.3929
0.3837 0.0121 0.0153 0.0645 0.0156 0.0057 0.3768 0.2609 0.2143
0.5233 0.0040 0.0000 0.0415 0.0020 0.0004 0.3913 0.4130 0.3571
0.5349 0.0174 0.0357 0.1309 0.0131 0.0087 0.6667 0.5435 0.3214
0.3488 0.0054 0.0051 0.0630 0.0025 0.0004 0.8551 0.8261 0.4286
0.4767 0.0241 0.0357 0.0713 0.0075 0.0020 0.7681 0.6739 0.3571
0.6744 0.0925 0.2041 0.2086 0.0251 0.0118 0.6232 0.5217 0.3179
0.5116 0.0724 0.1224 0.3610 0.0618 0.0159 0.4783 0.4130 0.2857
0.4767 0.0282 0.0561 0.0489 0.0090 0.0024 0.7101 0.6739 0.3929
0.6512 0.0858 0.1582 0.1197 0.1980 0.1594 0.5942 0.4565 0.2500
0.3256 0.0027 0.0000 0.0850 0.0176 0.0043 0.6957 0.7391 0.4786
0.6279 0.0268 0.0510 0.4162 0.0251 0.0268 0.2899 0.1957 0.2143
0.3372 0.0161 0.0204 0.0498 0.0025 0.0026 0.6667 0.5652 0.3286
0.4419 0.0040 0.0051 0.0435 0.0126 0.0144 0.5072 0.5000 0.3786
0.7674 0.0027 0.0000 0.3903 0.0332 0.0346 0.5217 0.3913 0.2679
0.4535 0.0121 0.0255 0.0449 0.0025 0.0020 0.7681 0.6739 0.3571
0.5814 0.0134 0.0306 0.0645 0.0131 0.0012 0.7536 0.6087 0.3214
0.7907 0.0040 0.0051 0.0596 0.0030 0.0024 0.6667 0.6087 0.3571
0.2674 0.0121 0.0255 0.0210 0.0075 0.0089 0.8406 0.8478 0.0000
0.3372 0.0214 0.0663 1.0000 0.0191 0.0161 0.5072 0.4565 0.3214
0.3953 0.0054 0.0051 0.0708 0.0075 0.0081 0.6377 0.6087 0.3571
0.4070 0.0201 0.0408 0.0572 0.0161 0.0106 0.6812 0.7391 0.4929
0.4767 0.0040 0.0051 0.0523 0.0055 0.0008 0.4348 0.3478 0.2500
0.7674 0.0040 0.0051 0.0850 0.0040 0.0037 0.4493 0.3478 0.2679
0.1512 0.0067 0.0051 0.0787 0.0131 0.0071 0.6087 0.7174 0.5536
0.3837 0.0054 0.0051 0.0303 0.0156 0.0059 0.5362 0.5435 0.3929
0.4767 0.0174 0.0357 0.1231 0.0010 0.0057 0.5217 0.2609 0.1786
0.4884 0.0054 0.0051 0.0581 0.0050 0.0061 0.4783 0.4348 0.3214
0.6512 0.0241 0.0459 0.1016 0.0176 0.0085 0.4928 0.4348 0.3214
0.4884 0.2627 0.5051 0.0933 0.0653 0.1077 0.3913 0.4565 0.4286
0.6512 0.3003 0.6378 0.4392 0.0216 0.0063 0.6087 0.5217 0.3214
0.5233 0.0469 0.1020 0.0616 0.0276 0.0348 0.6087 0.4565 0.2500
0.1047 0.0040 0.0000 0.0581 0.0070 0.0018 0.8986 0.8696 0.4286
0.6512 0.0268 0.0459 0.5183 0.0101 0.0089 0.3623 0.2174 0.1786
0.3023 0.0040 0.0051 0.0640 0.0111 0.0053 0.6957 0.5870 0.3286
0.0930 0.0054 0.0051 0.1168 0.0186 0.0116 0.5797 0.5652 0.3929
0.6512 0.0710 0.1378 0.0738 0.2020 0.1708 0.6667 0.5000 0.2786
0.2093 0.0067 0.0102 0.0567 0.0040 0.0022 0.5797 0.6087 0.4286
0.2558 0.0858 0.1582 0.0376 0.0136 0.0018 0.1304 0.0000 0.1071
0.3256 0.0040 0.0000 0.0865 0.0010 0.0010 0.6232 0.4565 0.2500
0.5116 0.0054 0.0051 0.0386 0.0080 0.0030 0.4783 0.3696 0.2500
0.2558 0.0121 0.0153 0.0537 0.0141 0.0106 0.7681 0.6739 0.3571
0.1628 0.0134 0.0255 0.0743 0.2161 0.1708 0.3333 0.2174 0.2143
0.4767 0.0054 0.0051 0.0498 0.0060 0.0016 0.7971 0.6957 0.3571
0.5116 0.0054 0.0051 0.0425 0.0075 0.0026 0.6957 0.6522 0.3571
0.3140 0.0054 0.0051 0.0660 0.0166 0.0043 0.6667 0.6739 0.4286
0.6512 0.1099 0.1990 0.1148 0.2020 0.1708 0.6812 0.4565 0.2143
0.5465 0.0054 0.0051 0.0816 0.0070 0.0073 0.5507 0.4783 0.0000
0.3023 0.0054 0.0051 0.0464 0.0075 0.0024 0.7536 0.7826 0.4643
0.7907 0.0308 0.0612 0.0962 0.0106 0.0094 0.6812 0.4565 0.2143
0.5349 0.0080 0.0102 0.0625 0.0060 0.0043 0.7391 0.6739 0.3571
0.8140 0.0067 0.0102 0.0835 0.0030 0.0018 0.7536 0.6739 0.3571
0.5116 0.0134 0.0357 0.2726 0.0503 0.0337 0.6522 0.6522 0.3929
0.5349 0.0054 0.0051 0.0435 0.0095 0.0041 0.6812 0.6957 0.4643
0.8256 0.1930 0.4541 0.4675 0.0307 0.0065 0.3768 0.2826 0.2500
0.7558 0.0067 0.0051 0.0743 0.0111 0.0028 0.6087 0.4565 0.2500
0.2442 0.0054 0.0000 0.0327 0.0065 0.0065 0.7681 0.6739 0.3571
0.3721 0.0107 0.0153 0.1441 0.0754 0.0163 0.8116 0.7609 0.3929
0.4070 0.0201 0.0408 0.0572 0.0161 0.0106 0.6812 0.7391 0.4929
0.7907 0.0027 0.0000 0.0191 0.0106 0.0051 0.5217 0.5000 0.3571
0.8256 0.0054 0.0051 0.0611 0.0050 0.0039 0.2464 0.1957 0.2143
0.5930 0.0054 0.0051 0.0791 0.0020 0.0026 0.4928 0.5217 0.4286
0.2907 0.0054 0.0051 0.0694 0.0101 0.0026 0.7971 0.6957 0.3571
0.6512 0.0067 0.0102 0.0513 0.0030 0.0028 0.5797 0.4565 0.2857
0.4419 0.0040 0.0051 0.0655 0.0271 0.0047 0.4493 0.3261 0.2500
0.7209 0.2172 0.3827 0.1231 0.1121 0.0760 0.6087 0.2391 0.1429
0.1512 0.0040 0.0051 0.0401 0.0040 0.0053 0.6522 0.6522 0.4214
0.2442 0.0040 0.0000 0.0376 0.0111 0.0030 0.7101 0.7391 0.4643
0.3953 0.0027 0.0000 0.0498 0.0060 0.0049 0.4638 0.4348 0.3214
0.5233 0.0054 0.0051 0.0464 0.0045 0.0010 0.5652 0.5870 0.4286
0.2326 0.0040 0.0051 0.0611 0.0005 0.0000 0.4058 0.3043 0.2536
0.3256 0.1957 0.4133 0.1104 0.0241 0.0142 0.3768 0.2826 0.2500
0.4884 0.0188 0.0306 0.0708 0.0045 0.0008 0.7101 0.7609 0.4643
0.1628 0.0054 0.0051 0.0806 0.0226 0.0089 0.6087 0.6739 0.4643
0.3023 0.0161 0.0153 0.1314 0.0372 0.0262 0.4203 0.3913 0.3214
0.5814 0.0241 0.0561 0.0645 0.0226 0.0173 0.4783 0.6087 0.5714
0.6163 0.0080 0.0102 0.0606 0.0045 0.0026 0.3623 0.4348 0.4286
0.6163 0.0483 0.0918 0.0620 0.0176 0.0205 0.3623 0.1304 0.1429
0.4767 0.0255 0.0612 0.1070 0.0613 0.0728 0.6667 0.6739 0.4286
0.5349 0.0724 0.1480 0.2921 0.0859 0.0559 0.4348 0.3043 0.2393
0.5349 0.3660 0.5459 0.1549 0.0146 0.0687 0.6377 0.3043 0.1429
0.3605 0.0027 0.0051 0.0572 0.0010 0.0010 0.3623 0.3913 0.0000
0.2442 0.0067 0.0102 0.0469 0.0070 0.0030 0.6087 0.7609 0.6071
0.8256 0.0067 0.0051 0.1070 0.0075 0.0026 0.2464 0.2826 0.3571
0.5116 0.0134 0.0255 0.0977 0.0141 0.0114 0.4493 0.2826 0.2179
0.5814 0.0684 0.1582 0.1402 0.0286 0.0065 0.6232 0.5000 0.2857
0.5581 0.0027 0.0000 0.0640 0.0000 0.0004 0.6087 0.5217 0.3214
0.7907 0.0469 0.0969 0.0645 0.0085 0.0100 0.6667 0.3261 0.1429
0.1977 0.0054 0.0051 0.0586 0.0116 0.0096 0.5942 0.5652 0.3571
0.4767 0.0335 0.0663 0.0718 0.0322 0.0118 0.6522 0.5870 0.3571
0.0000 0.0067 0.0051 0.1392 0.0101 0.0049 0.7681 0.6739 0.3571
0.1628 0.0054 0.0051 0.0664 0.0121 0.0043 0.5507 0.5652 0.4143
0.7907 0.0054 0.0051 0.0415 0.0065 0.0051 0.4783 0.4565 0.3571
0.3256 0.4316 0.7143 0.0762 0.0427 0.0457 0.4493 0.4783 0.3929
0.3256 0.2078 0.3520 0.1060 0.6734 0.3232 0.4203 0.4130 0.3571
0.8140 0.0027 0.0000 0.1021 0.0070 0.0179 0.3333 0.2391 0.2143
0.5349 0.0925 0.1786 0.7411 0.0392 0.0110 0.4203 0.3043 0.2143
0.4186 0.0067 0.0102 0.1124 0.1116 0.0478 0.5942 0.4783 0.2857
0.7093 0.0080 0.0102 0.0679 0.0080 0.0006 0.3768 0.3696 0.3214
0.6744 0.0107 0.0153 0.0645 0.0141 0.0089 0.5217 0.6304 0.5357
0.4767 0.0080 0.0102 0.0914 0.0191 0.0069 0.8551 0.7391 0.3571
0.4884 0.0054 0.0051 0.0474 0.0106 0.0061 0.6667 0.6304 0.3929
0.4767 0.0094 0.0153 0.0142 0.0407 0.0362 0.6522 0.6304 0.3964
0.0000 0.0054 0.0051 0.1939 0.0714 0.0449 0.5507 0.5000 0.3214
0.4419 0.0938 0.1786 0.1148 0.0211 0.0187 0.2754 0.2174 0.2500
0.3256 0.0067 0.0102 0.1949 0.0302 0.0146 0.5072 0.4783 0.3571
0.3837 0.0054 0.0051 0.0694 0.0106 0.0053 0.9420 0.8043 0.3571
0.4767 0.2654 0.5918 0.0611 0.0186 0.0045 0.3913 0.3043 0.2500
0.6512 0.0295 0.0561 0.0528 0.0161 0.0055 0.3913 0.3913 0.3571
0.3372 0.0898 0.1837 0.0650 0.3075 0.0990 0.6087 0.5870 0.3893
0.6628 0.0147 0.0255 0.0650 0.0256 0.0152 0.5797 0.6304 0.4643
0.7209 0.0040 0.0051 0.0484 0.0070 0.0020 0.5362 0.5000 0.3571
0.7674 0.0174 0.0204 0.1646 0.0231 0.0069 0.4348 0.4783 0.3929
0.7442 0.0040 0.0000 0.0401 0.0050 0.0024 0.4493 0.4348 0.3571
0.3837 0.0054 0.0051 0.0410 0.0085 0.0073 0.3333 0.3478 0.3571
0.7209 0.0040 0.0051 0.0860 0.0085 0.0033 0.5217 0.6087 0.5000
0.4419 0.2145 0.4490 0.0889 0.0231 0.0157 0.3913 0.2391 0.1786
0.6512 0.2574 0.4796 0.1969 0.0181 0.0085 0.4928 0.2391 0.1429
0.7907 0.0040 0.0000 0.0650 0.0050 0.0051 0.4493 0.2391 0.1786
0.8256 0.1367 0.2500 0.2438 0.0136 0.0039 0.3478 0.1957 0.1786
0.5930 0.0188 0.4541 0.1021 0.0060 0.0140 0.4928 0.3913 0.2500
0.1047 0.0040 0.0051 0.1402 0.0035 0.0028 0.6812 0.6739 0.3929
0.7093 0.0040 0.0051 0.0664 0.0045 0.0024 0.5217 0.5870 0.4643
0.3605 0.0067 0.0051 0.0620 0.0075 0.0020 0.5362 0.5870 0.4286
0.4419 0.1434 0.3061 0.0738 0.0251 0.0358 0.6087 0.4130 1.0000
0.6744 0.0027 0.0000 0.0474 0.0161 0.0203 0.3188 0.3696 0.3929
0.5465 0.0054 0.0051 0.1485 0.0161 0.0016 0.3623 0.2391 0.2143
0.0930 0.0080 0.0051 0.3205 0.0739 0.0199 0.6522 0.6087 0.3571
0.1628 0.0188 0.0306 0.0562 0.0126 0.0053 0.5942 0.5870 0.3929
0.0349 0.0013 0.0000 0.1412 0.0090 0.0083 0.7536 0.7174 0.3929
0.6512 0.0335 0.0612 0.0816 0.0111 0.0069 0.4203 0.2391 0.1786
0.5930 0.0054 0.0051 0.2047 0.0513 0.0181 0.4348 0.3696 0.2857
0.7209 0.0094 0.0204 0.0508 0.0015 0.0094 0.6377 0.6957 0.4857
0.3140 0.0094 0.0102 0.0620 0.0080 0.0010 0.7536 0.6304 0.3214
0.6163 0.0121 0.0153 0.0957 0.0151 0.0155 0.5507 0.3478 0.2143
0.5116 0.0040 0.0000 0.7655 0.0322 0.0283 0.3768 0.2391 0.2143
0.5465 0.0335 0.0612 0.2047 0.0060 0.0049 0.6232 0.3261 0.1786
0.5349 0.0027 0.0051 0.0362 0.0025 0.0012 0.3043 0.3696 0.3929
0.1047 0.0027 0.0000 0.1255 0.0090 0.0094 0.6522 0.5870 0.3571
0.6279 0.0322 0.0612 0.2965 0.0191 0.0140 0.2899 0.1522 0.1786
0.8256 0.0845 0.1786 0.1930 0.0945 0.0270 0.5072 0.5000 0.3571
0.5116 0.0040 0.0051 0.0498 0.0111 0.0041 0.7681 0.6739 0.3571
0.3721 0.0040 0.0051 0.0435 0.0055 0.0030 0.4638 0.4783 0.3929
0.6744 0.0858 0.1480 0.2340 0.0533 0.0114 0.5362 0.4783 0.3214
0.3372 0.0402 0.0765 0.0601 0.3864 0.1695 0.6667 0.5000 0.2500
0.5698 0.2601 0.5255 0.0855 0.0146 0.0429 0.7826 0.3478 0.1429
0.7674 0.0067 0.0102 0.0767 0.0216 0.0173 0.4928 0.4130 0.2429
0.4186 0.0027 0.0000 0.0171 0.0126 0.0043 0.4783 0.5000 0.3929
0.6163 0.0040 0.0051 0.0708 0.0126 0.0177 0.3478 0.2609 0.2500
0.0465 0.0067 0.0051 0.1651 0.0075 0.0098 0.6957 0.5435 0.2857
0.4767 0.0027 0.0000 0.1011 0.0065 0.0065 0.3478 0.2391 0.1786
0.5349 0.0067 0.0102 0.0640 0.0905 0.0128 0.6957 0.6522 0.3571
0.6512 0.0214 0.0510 0.2936 0.0211 0.0191 0.4783 0.2609 0.1893
0.1977 0.0027 0.0000 0.0601 0.0075 0.0024 0.5942 0.5435 0.3571
0.6512 0.0134 0.0306 0.0469 0.0000 0.0004 0.3188 0.3478 0.3571
0.5930 0.1408 0.2551 0.6287 0.0191 0.0096 0.5362 0.3043 0.1786
0.1977 0.0040 0.0051 0.0723 0.0020 0.0026 0.6667 0.6957 0.4286
0.6512 0.0724 0.1480 0.0948 0.0487 0.0191 0.5652 0.5652 0.4000
0.2791 0.0027 0.0000 0.0362 0.0060 0.0012 0.3188 0.2174 0.2143
0.1628 0.0040 0.0000 0.1216 0.1497 0.0803 0.6087 0.6087 0.3929
0.4186 0.0107 0.0255 0.0689 0.0065 0.0035 0.7101 0.6739 0.3929
0.3953 0.0174 0.0459 0.0572 0.0040 0.0049 0.6522 0.5870 0.3571
0.3605 0.0080 0.0102 0.3625 0.0618 0.0189 0.7536 0.5217 0.2500
0.4419 0.0080 0.0102 0.0445 0.0141 0.0022 0.5942 0.6522 0.4643
0.4767 0.0375 0.0663 0.2193 0.0201 0.0098 0.4783 0.3913 0.2857
0.3721 0.0657 0.1122 0.0401 0.0111 0.0167 0.3478 0.3696 0.3571
0.7442 0.0040 0.0051 0.0601 0.0040 0.0010 0.5362 0.6304 0.5000
0.3488 0.0027 0.0000 0.0479 0.0025 0.0018 0.5652 0.5435 0.3571
0.2093 0.0054 0.0051 0.1158 0.0236 0.0061 0.7536 0.6304 0.3214
0.5233 0.0080 0.0102 0.0816 0.0191 0.0098 0.8261 0.7174 0.3571
0.5930 0.0536 0.1429 0.0816 0.0020 0.0030 0.6377 0.2609 0.1429
0.6279 0.0054 0.0051 0.0572 0.0111 0.0030 0.7971 0.7609 0.3929
0.3605 0.0067 0.0102 0.0464 0.0050 0.0012 0.7681 0.6739 0.3571
0.6977 0.0094 0.0204 0.0401 0.0050 0.0028 0.4058 0.5000 0.4964
0.4884 0.1206 0.2602 0.1001 0.0055 0.0108 0.5362 0.4130 0.2857
0.4419 0.0054 0.0051 0.0660 0.0095 0.0018 0.5652 0.4565 0.2857
0.5930 0.0027 0.0051 0.0767 0.0070 0.0045 0.3478 0.3261 0.3143
0.4767 0.0241 0.0765 0.1255 0.0136 0.0077 0.5942 0.5435 0.3571
0.1279 0.0054 0.0051 0.1549 0.0075 0.0114 0.4928 0.6087 0.5357
0.7093 0.0040 0.0051 0.0581 0.0065 0.0037 0.5942 0.4348 0.2500
0.7558 0.0054 0.0051 0.0405 0.0161 0.0122 0.8261 0.8696 0.5000
0.5000 0.0308 0.0612 0.1036 0.0568 0.0128 0.5072 0.5217 0.3929
0.3837 0.0188 0.0357 0.0743 0.0216 0.0098 0.5362 0.6304 0.5000
0.3953 0.0094 0.0102 0.0660 0.0382 0.0285 0.5217 0.5652 0.4286
0.2442 0.0027 0.0000 0.0586 0.0407 0.0087 0.4058 0.3043 0.2500
0.5581 0.0308 0.0663 0.0918 0.0050 0.0061 0.4783 0.1739 0.1393
0.6860 0.0013 0.0000 0.0523 0.0055 0.0037 0.4058 0.3478 0.2857
0.3372 0.0228 0.0306 0.0694 0.0201 0.0057 0.5942 0.4565 0.2500
0.2093 0.0268 0.0459 0.1353 0.0075 0.0022 0.8116 0.7826 0.3929
0.9302 0.0040 0.0051 0.0611 0.0015 0.0022 0.4783 0.5000 0.3929
0.7093 0.0054 0.0000 0.0405 0.0035 0.0039 0.4638 0.5000 0.4214
0.4884 0.0389 0.0714 0.0532 0.0075 0.0063 0.4203 0.3261 0.2500
0.3721 0.0174 0.0204 0.0694 0.0131 0.0049 0.6377 0.6522 0.4286
0.7093 0.0603 0.1327 0.0620 0.0116 0.0124 0.6377 0.4348 0.2500
0.6512 0.0724 0.1327 0.0689 0.1055 0.0793 0.6232 0.4565 0.2500
0.7093 0.0040 0.0051 0.0987 0.0101 0.0037 0.3623 0.1957 0.1857
0.6512 0.0054 0.0051 0.0743 0.0070 0.0014 0.5217 0.4565 0.3214
0.4070 0.0456 0.0714 0.1148 0.0462 0.1260 0.6377 0.5217 0.2857
0.6279 0.0080 0.0204 0.0464 0.0136 0.0067 0.6522 0.5870 0.3571
0.3721 0.0657 0.1122 0.0401 0.0111 0.0167 0.3478 0.3696 0.3571
0.2558 0.0214 0.0408 0.0645 0.0070 0.0112 0.7391 0.7391 0.4286
0.5116 0.0080 0.0663 0.0396 0.0040 0.0008 0.8116 0.7174 0.3571
0.7093 0.0134 0.0255 0.0962 0.0090 0.0028 0.3623 0.2826 0.2500
0.3372 0.0054 0.0051 0.0660 0.0080 0.0026 0.7681 0.6739 0.3571
0.6744 0.0617 0.1020 0.0195 0.0040 0.0061 0.3333 0.2609 0.6143
0.6279 0.0040 0.0000 0.0532 0.0085 0.0024 0.5797 0.5000 0.3214
0.5698 0.0067 0.0051 0.0718 0.0126 0.0045 0.7681 0.6522 0.3214
0.3023 0.0054 0.0051 0.0660 0.0101 0.0098 0.3623 0.4130 0.3929
0.2907 0.0040 0.0051 0.0498 0.0226 0.0157 0.6957 0.8043 0.5643
0.1977 0.0080 0.0102 0.0386 0.0085 0.0022 0.5362 0.5652 0.4286
0.2791 0.0027 0.0000 0.0557 0.0131 0.0039 0.6087 0.6957 0.5000
0.4419 0.0255 0.0510 0.1119 0.0095 0.0059 0.2029 0.1957 0.2500
0.7209 0.2265 0.4286 0.1588 0.0819 0.0726 0.7391 0.3696 0.1786
0.5116 0.0080 0.0102 0.1207 0.0136 0.0094 0.4638 0.3478 0.2500
0.4884 0.0027 0.0051 0.1109 0.0080 0.0022 0.4783 0.4565 0.3571
0.4419 0.1139 0.2245 0.1021 0.0106 0.0104 0.4493 0.2391 0.1786
0.3488 0.0496 0.0969 0.1104 0.4347 0.1466 0.3333 0.3913 0.3929
0.4419 0.0054 0.0051 0.0313 0.0095 0.0041 0.3188 0.3913 0.4286
0.5930 0.0389 0.0714 0.0738 0.0221 0.0289 0.3478 0.1957 0.1786
0.3256 0.0040 0.0051 0.0498 0.0106 0.0039 0.4928 0.4565 0.3429
0.5465 0.0483 0.1224 0.1036 0.1869 0.0651 0.6957 0.6739 0.3929
0.7674 0.0308 0.0561 0.1475 0.0261 0.0091 0.4783 0.3261 0.2143
0.6279 0.0067 0.0051 0.5066 0.0075 0.0053 0.6377 0.5652 0.3214
0.3023 0.0040 0.0051 0.0972 0.0025 0.0016 1.0000 0.8261 0.4286
0.3953 0.0174 0.0306 0.3889 0.0397 0.0077 0.4783 0.4565 0.3571
0.4884 0.2413 0.4286 0.1891 0.0548 0.0447 0.6957 0.5217 0.2500
0.3488 0.1113 0.1990 0.1148 0.0241 0.0260 0.4493 0.3261 0.2500
0.5116 0.0375 0.0765 0.0948 0.0116 0.0215 0.4348 0.2826 0.2214
0.2093 0.0241 0.0459 0.0743 0.0749 0.0083 0.4058 0.3478 0.2857
0.5930 0.2413 0.4439 0.0699 0.0271 0.0342 0.5072 0.1957 0.1429
0.6744 0.1408 0.2755 0.3107 0.0271 0.0183 0.6957 0.5000 0.2643
0.3953 0.0442 0.1071 0.0747 0.0849 0.0451 0.7391 0.7826 0.4643
0.2209 0.0255 0.0357 0.2179 0.0090 0.0069 0.6087 0.4348 0.2500
0.5116 0.0067 0.0051 0.0537 0.0080 0.0035 0.5072 0.4783 0.3571
0.3953 0.0241 0.0459 0.1207 0.0548 0.0065 0.7536 0.6957 0.3571
0.6744 0.0040 0.0051 0.0537 0.0181 0.0075 0.6667 0.6957 0.4286
0.4419 0.0308 0.0612 0.0762 0.0251 0.0346 0.6232 0.5000 0.2857
0.4767 0.0027 0.0051 0.0889 0.0060 0.0028 0.6377 0.5435 0.3214
0.5233 0.0121 0.0153 0.0699 0.0101 0.0030 0.4783 0.4783 0.3786
0.4767 0.0040 0.0051 0.0440 0.0156 0.0065 0.2609 0.2826 0.3214
0.7093 0.0067 0.0051 0.0523 0.0116 0.0114 0.6232 0.4565 0.2679
0.3488 0.0442 0.1020 0.2086 0.0528 0.0165 0.5507 0.4130 0.2500
0.4186 0.0228 0.0459 0.3444 0.0322 0.0266 0.7391 0.8696 0.5714
0.5233 0.0027 0.0000 0.0596 0.0035 0.0033 0.5652 0.4348 0.2500
0.6279 0.0174 0.0357 0.8955 0.0256 0.0148 0.7681 0.6522 0.3393
0.6512 0.0147 0.0255 0.1451 0.1106 0.0585 0.2609 0.2391 0.2857
0.3953 0.0054 0.0051 0.0596 0.0075 0.0022 0.6232 0.4565 0.2500
0.5233 0.0094 0.0204 0.0469 0.0101 0.0043 0.6232 0.7391 0.5357
0.4767 0.0027 0.0000 0.0650 0.0095 0.0041 0.4493 0.4348 0.3571
0.5116 0.0040 0.0051 0.0708 0.0025 0.0041 0.2754 0.2609 0.2857
0.3256 0.4035 0.8673 0.0757 0.0146 0.0140 0.4058 0.3913 0.3214
0.5349 0.0107 0.0153 0.1070 0.0131 0.0045 0.6522 0.6522 0.3929
0.5000 0.0349 0.0714 0.1119 0.0271 0.0116 0.4203 0.1957 0.1679
0.5465 0.0067 0.0051 0.1060 0.0055 0.0041 0.5797 0.5000 0.2857
0.6512 0.0054 0.0051 0.1089 0.0055 0.0035 0.6377 0.6739 0.4286
0.7093 0.0054 0.0051 0.0484 0.0101 0.0163 0.1594 0.1087 0.1786
0.5349 0.0295 0.0561 0.1720 0.1995 0.1151 0.5362 0.5000 0.3571
0.6279 0.0054 0.0051 0.0293 0.0231 0.0077 0.4783 0.4565 0.3571
0.8023 0.0201 0.0306 0.8241 0.0462 0.0266 0.4058 0.2391 0.1786
0.6512 0.0188 0.0204 0.0674 0.0176 0.0030 0.1739 0.1739 0.2500
0.5349 0.0067 0.0102 0.4094 0.0065 0.0014 0.5072 0.5652 0.4286
0.4884 0.0027 0.0051 0.0254 0.0020 0.0002 0.6087 0.5435 0.3214
0.6279 0.0054 0.0051 0.1148 0.0116 0.0100 0.5072 0.4783 0.3571
0.6744 0.0040 0.0051 0.0484 0.0010 0.0014 0.7971 0.5000 0.2143
0.1744 0.0040 0.0051 0.0601 0.0784 0.0787 0.4058 0.4565 0.4286
0.4419 0.0054 0.0051 0.0581 0.0060 0.0020 0.6522 0.6522 0.3929
0.3953 0.0147 0.0153 0.1148 0.0251 0.0189 0.4783 0.4565 0.3571
0.4419 0.0054 0.0051 0.0249 0.0055 0.0026 0.6232 0.4565 0.2500
0.5465 0.0335 0.0561 0.0616 0.0352 0.0234 0.5072 0.4783 0.3571
0.8256 0.0054 0.0051 0.0694 0.0085 0.0028 0.2464 0.2391 0.2857
0.5581 0.0027 0.0000 0.0528 0.0060 0.0012 0.5652 0.5870 0.4286
0.4186 0.0416 0.0765 0.1148 0.0291 0.0386 0.6377 0.5435 0.3214
0.4535 0.0067 0.0102 0.0376 0.0010 0.0039 0.6812 0.5652 0.6429
0.3256 0.0040 0.0051 0.0616 0.0060 0.0067 0.6812 0.4783 0.2500
0.2326 0.0080 0.0051 0.0616 0.0211 0.0043 0.7681 0.8478 0.5357
0.6628 0.0054 0.0051 0.0489 0.0040 0.0018 0.5217 0.4130 0.2857
0.5116 0.0040 0.0051 0.1285 0.0095 0.0014 0.8696 1.0000 0.6071
0.4186 0.0429 0.0867 0.1085 0.0201 0.0102 0.6232 0.4348 0.2500
0.4767 0.0067 0.0102 0.0616 0.0065 0.0047 0.5652 0.6522 0.0000
0.6163 0.0027 0.0000 0.0718 0.0206 0.0100 0.4638 0.3913 0.2857
0.5233 0.0027 0.0000 0.0757 0.0201 0.0087 0.3333 0.3261 0.3214
0.5465 0.0241 0.0459 0.2672 0.0035 0.0037 0.6667 0.3696 0.1964
0.3140 0.0054 0.0051 0.0464 0.0055 0.0012 0.4783 0.4565 0.3571
0.2907 0.0107 0.0153 0.0474 0.0050 0.0024 0.5072 0.4565 0.3214
0.7093 0.0040 0.0051 0.1676 0.0070 0.0071 0.6522 0.5652 0.3214
0.3256 0.2038 0.4796 0.0347 0.0221 0.0234 0.4203 0.6739 0.8929
0.3953 0.0188 0.0357 0.1363 0.0794 0.0876 0.7101 0.7609 0.4643
0.0814 0.0040 0.0000 0.2584 0.0080 0.0039 0.6377 0.7174 0.5000
0.3023 0.0161 0.0153 0.1314 0.0372 0.0262 0.4203 0.3913 0.3214
0.3372 0.0147 0.3520 0.2159 0.0980 0.0264 0.6957 0.6522 0.3571
0.8256 0.0067 0.0051 0.0699 0.0171 0.0047 0.5072 0.4348 0.2857
0.4884 0.0054 0.0051 0.0596 0.0070 0.0010 0.7536 0.6087 0.2857
0.2674 0.0027 0.0051 0.0479 0.0085 0.0037 0.1449 0.1522 0.2714
0.1395 0.0979 0.2041 0.1001 0.1020 0.0321 0.6377 0.6739 0.4286
0.2791 0.0054 0.0051 0.1202 0.0226 0.0026 0.5942 0.6957 0.5393
0.6628 0.0054 0.0000 0.1070 0.0377 0.0449 0.8406 0.7391 0.3571
0.6512 0.0724 0.1327 0.2618 0.0166 0.0114 0.3913 0.1957 0.1786
0.2558 0.0174 0.0255 0.0718 0.0261 0.0094 0.3913 0.2826 0.2143
0.3605 0.0188 0.0255 0.1036 0.0191 0.0342 0.5507 0.5000 0.3214
0.4186 0.0469 0.0816 0.1402 0.4724 0.3029 0.5797 0.6304 0.4643
0.4884 0.1314 0.2092 0.0826 0.0241 0.0264 0.6232 0.3913 0.2143
0.6279 0.0174 0.0357 0.0611 0.0251 0.0150 0.4638 0.5652 0.5000
0.5000 0.0054 0.0051 0.0845 0.0000 0.0006 0.5797 0.4348 0.2714
0.4884 0.0576 0.1071 0.1207 0.0261 0.0163 0.5362 0.3478 0.2143
0.5465 0.0054 0.0051 0.0547 0.0191 0.0024 0.7826 0.8043 0.4643
0.7093 0.0054 0.0051 0.0674 0.0040 0.0024 0.3913 0.4348 0.3929
0.8256 0.0322 0.0612 0.0914 0.0065 0.0039 0.0000 0.0000 0.1786
0.3140 0.0067 0.0051 0.2223 0.0899 0.0014 0.3768 0.3043 0.2500
0.6744 0.0188 0.0408 0.0787 0.0296 0.0295 0.8551 0.6739 0.2857
0.3953 0.0040 0.0000 0.0435 0.0402 0.0022 0.6377 0.7174 0.5000
0.1163 0.0067 0.0102 0.1207 0.0055 0.0012 0.7826 0.7174 0.3571
0.5930 0.0067 0.0051 0.0259 0.0131 0.0012 0.5072 0.5000 0.3571
0.1628 0.0067 0.0102 0.1158 0.0101 0.0077 0.7681 0.6739 0.3571
0.6512 0.0201 0.0357 0.2692 0.0161 0.0057 0.2609 0.1957 0.2143
0.5349 0.0094 0.0102 0.0547 0.0050 0.0018 0.6377 0.7826 0.6071
0.6860 0.0067 0.0051 0.0640 0.0211 0.0071 0.4783 0.6522 0.6607
0.5000 0.0067 0.0051 0.0630 0.0141 0.0028 0.6667 0.7391 0.5000
0.8140 0.0080 0.0102 0.0547 0.0101 0.0045 0.5362 0.5435 0.3929
0.3488 0.0777 0.1480 0.0865 0.8392 0.1708 0.6522 0.6739 0.4286
0.6512 0.0791 0.1582 0.1226 0.0543 0.0211 0.5652 0.6087 0.4536
0.4419 0.1139 0.2245 0.1021 0.0106 0.0104 0.4493 0.2391 0.1786
0.6628 0.0054 0.0051 0.0630 0.0090 0.0051 0.6087 0.5435 0.3214
0.3372 0.0040 0.0051 0.0943 0.0055 0.0041 0.8406 0.6522 0.2857
0.5349 0.0067 0.0051 0.0679 0.0050 0.0033 0.6522 0.7826 0.5929
0.3953 0.0362 0.0765 0.0928 0.0352 0.0805 0.5942 0.6522 0.4643
0.3953 0.0054 0.0051 0.0401 0.0045 0.0026 0.4928 0.4783 0.3679
0.2558 0.0201 0.0357 0.0572 0.0060 0.0018 0.7971 0.6957 0.3571
0.4767 0.3070 0.6480 0.7264 0.2085 0.1018 0.7246 0.5652 0.2857
0.5930 0.0040 0.0051 0.1109 0.0216 0.0098 0.5942 0.5435 0.3571
0.5000 0.0416 0.0765 0.0699 0.0111 0.0043 0.5942 0.5435 0.3571
0.6279 0.0000 0.0000 0.0181 0.0246 0.0236 0.2319 0.3478 0.5000
0.3372 0.0040 0.0000 0.0513 0.0126 0.0047 0.6232 0.6087 0.3929
0.3256 0.3298 0.6939 0.2428 0.0156 0.0159 0.7536 0.3478 0.8929
0.7907 0.0174 0.0357 0.0669 0.0090 0.0055 0.5072 0.4565 0.3321
0.3372 0.0188 0.0357 0.0650 0.0075 0.0024 0.7681 0.6739 0.3571
0.4186 0.0067 0.0102 0.0650 0.0296 0.0077 0.5942 0.4783 0.2857
0.5930 0.0054 0.0051 0.1109 0.0648 0.0157 0.6232 0.4565 0.2500
0.6512 0.0375 0.0867 0.3356 0.0347 0.0274 0.7391 0.5000 0.2464
0.6047 0.0040 0.0000 0.0401 0.0080 0.0026 0.6232 0.6739 0.4643
0.5465 0.0040 0.0000 0.0572 0.0075 0.0035 0.4928 0.4783 0.3571
0.4186 0.4075 0.9286 0.1085 0.0503 0.0358 0.7536 0.3913 0.1786
0.5233 0.0027 0.0000 0.0757 0.0201 0.0087 0.3333 0.3261 0.3214
0.6977 0.0349 0.0663 0.0904 0.0181 0.0061 0.5507 0.5000 0.3214
0.2907 0.0040 0.0000 0.0484 0.0211 0.0063 0.3623 0.3478 0.3214
0.2558 0.0898 0.1633 0.0953 0.0352 0.0209 0.5072 0.4348 0.2857
0.7093 0.0094 0.0102 0.0953 0.0191 0.0061 0.6232 0.6522 0.4286
0.4767 0.0268 0.0510 0.0513 0.0116 0.0081 0.3478 0.3696 0.3571
0.2907 0.0067 0.0102 0.0679 0.0020 0.0002 0.5797 0.5870 0.3929
0.8256 0.0067 0.0051 0.0484 0.0075 0.0020 0.6087 0.6087 0.3929
0.4767 0.0054 0.0051 0.0376 0.0070 0.0020 0.5217 0.5000 0.3571
0.5000 0.0067 0.0051 0.0987 0.0151 0.0037 0.7681 0.6739 0.3571
0.3605 0.3472 0.6122 0.0220 0.0794 0.1260 0.9420 0.2391 0.1071
0.5930 0.0067 0.0051 0.0620 0.0075 0.0037 0.4638 0.3913 0.2857
0.2093 0.0027 0.0051 0.0679 0.0342 0.0063 0.7681 0.6522 0.3214
0.1512 0.0067 0.0102 0.0679 0.0060 0.0018 0.6812 0.6957 0.4286
0.1860 0.0027 0.0051 0.0679 0.0010 0.0006 0.4928 0.4565 0.3214
0.7907 0.0040 0.0000 0.0650 0.0050 0.0051 0.4493 0.2391 0.1786
0.3488 0.0496 0.0969 0.1104 0.4347 0.1466 0.3333 0.3913 0.3929
0.7326 0.0241 0.0510 0.0660 0.0161 0.0059 0.6522 0.4565 0.2500
0.6512 0.1421 0.2449 0.3356 0.0653 0.0691 0.4058 0.2609 0.2143
0.5349 0.0925 0.1837 0.0142 0.0171 0.0459 0.5942 0.1522 0.1071
0.5116 0.0054 0.0051 0.0757 0.0111 0.0037 0.3623 0.3478 0.3214
0.6977 0.0134 0.0204 0.1148 0.0106 0.0148 0.6522 0.3696 0.1786
0.1628 0.0027 0.0051 0.2320 0.0116 0.0049 0.6957 0.5000 0.2500
0.1860 0.2185 0.4235 0.0669 0.0407 0.0185 0.6087 0.5652 0.3643
0.1628 0.0027 0.0000 0.0987 0.0437 0.0307 0.4638 0.4783 0.3929
0.7093 0.1005 0.2143 0.1070 0.0201 0.0126 0.4783 0.4565 0.3571
0.4767 0.0121 0.0255 0.0503 0.0196 0.0065 0.4203 0.3478 0.2857
0.6047 0.0080 0.0102 0.0645 0.0060 0.0037 0.4493 0.3696 0.2857
0.4302 0.0067 0.0051 0.0674 0.0106 0.0028 0.7101 0.6304 0.3571
0.1512 0.0013 0.0000 0.0699 0.0090 0.0022 0.6377 0.7826 0.6071
0.8023 0.0188 0.0408 0.0767 0.0050 0.0067 0.5507 0.4565 0.2857
0.2093 0.0308 0.0459 0.0474 0.0362 0.0238 0.4058 0.4783 0.4286
0.2791 0.0080 0.0102 0.0132 0.0040 0.0199 0.5942 0.4783 0.2857
0.5349 0.0080 0.0204 0.0860 0.0030 0.0059 0.6957 0.6087 0.3214
0.1163 0.0134 0.0204 0.1006 0.0241 0.0071 0.5797 0.6522 0.5000
0.3372 0.0107 0.0102 0.2125 0.0090 0.0030 0.6232 0.4565 0.2500
0.0349 0.3592 0.5969 0.6629 0.3920 0.2114 0.4928 0.2391 0.1429
0.3953 0.0054 0.0051 0.0899 0.0226 0.0167 0.6812 0.7391 0.4929
0.2674 0.0107 0.0153 0.0567 0.0266 0.0059 0.4928 0.5217 0.3929
0.5349 0.0509 0.1122 0.1891 0.0296 0.0081 0.6232 0.4565 0.2500
0.6512 0.0040 0.0051 0.0542 0.0111 0.0008 0.7391 0.7174 0.3929
0.7442 0.0188 0.0204 0.0430 0.0040 0.0024 0.5507 0.6739 0.5714
0.8256 0.0134 0.0153 0.0743 0.0201 0.0041 0.4638 0.3696 0.2500
0.4767 0.0040 0.0051 0.0493 0.0055 0.0087 0.2609 0.1087 0.1607
0.1628 0.0121 0.0306 0.1236 0.0000 0.0022 0.4783 0.2609 0.1786
0.1395 0.0040 0.0051 0.1734 0.0090 0.0051 0.6522 0.6957 0.4643
0.3953 0.0295 0.0561 0.1695 0.0246 0.0096 0.4203 0.4565 0.2857
0.5930 0.0054 0.0051 0.0449 0.0055 0.0014 0.6087 0.6304 0.5000
