0.0727 0.3750 0.5000 0.2000 0.7500
0.0727 0.6042 1.0000 0.0000 0.7500
0.0727 0.3333 1.0000 0.6000 0.7500
0.0727 0.6042 0.2500 0.2000 0.0000
0.0727 0.6146 1.0000 0.8000 0.7500
0.0727 0.5104 1.0000 0.8000 0.7500
0.0727 0.5625 0.2500 0.2000 0.7500
0.0727 0.5625 1.0000 0.8000 0.0000
0.0727 0.4167 0.2500 0.0000 0.0000
0.0727 0.4375 0.7500 0.8000 0.5000
0.0727 0.6563 0.2500 0.2000 0.0000
0.0727 0.4375 0.2500 0.2000 0.7500
0.0909 0.6771 1.0000 1.0000 0.7500
0.0909 0.7396 1.0000 0.8000 1.0000
0.0909 0.6042 1.0000 0.8000 0.7500
0.0909 0.5417 1.0000 1.0000 0.7500
0.0909 0.5729 1.0000 1.0000 0.7500
0.0727 0.5729 0.2500 0.2000 0.7500
0.0909 0.6042 0.2500 1.0000 0.7500
0.0909 0.4375 1.0000 0.8000 0.7500
0.0909 0.6771 0.2500 0.0000 0.7500
0.0727 0.2083 0.2500 0.2000 0.7500
0.0909 0.5625 1.0000 1.0000 0.7500
0.0727 0.6354 0.7500 0.8000 0.7500
0.0909 0.0000 1.0000 0.8000 0.7500
0.0909 0.7396 0.5000 0.8000 0.7500
0.0364 0.4167 0.2500 0.2000 0.7500
0.0727 0.6667 1.0000 1.0000 0.7500
0.0909 0.8333 1.0000 1.0000 0.7500
0.0727 0.5729 0.7500 0.8000 0.7500
0.0545 0.7083 0.0000 0.0000 0.7500
0.0727 0.3333 0.2500 0.2000 0.7500
0.0909 0.6979 1.0000 0.6000 0.7500
0.0909 0.6979 1.0000 1.0000 0.7500
0.0727 0.4479 0.7500 0.8000 0.0000
0.0545 0.5104 1.0000 0.8000 0.7500
0.0727 0.6458 0.5000 0.8000 0.7500
0.0727 0.4271 0.2500 0.2000 0.7500
0.0727 0.5208 0.5000 0.2000 0.7500
0.0909 0.4583 1.0000 1.0000 0.7500
0.0727 0.6458 0.5000 0.2000 0.7500
0.0545 0.5938 0.5000 0.2000 0.0000
0.0909 0.9063 1.0000 1.0000 0.7500
0.0727 0.2187 0.7500 0.2000 0.7500
0.0727 0.3750 0.2500 0.2000 0.7500
0.0727 0.7083 1.0000 0.8000 0.7500
0.0909 0.6250 1.0000 0.6000 0.7500
0.0727 0.7188 0.7500 0.2000 0.7500
0.0909 0.4792 1.0000 0.8000 0.7500
0.0909 0.6771 0.7500 0.8000 0.7500
0.0727 0.5938 0.2500 0.2000 0.7500
0.0727 0.6563 0.5000 0.2000 0.7500
0.0727 0.4688 0.7500 0.2000 0.7500
0.0727 0.7396 1.0000 1.0000 0.5000
0.0909 0.6250 1.0000 0.8000 0.7500
0.0727 0.6250 1.0000 1.0000 0.7500
0.0909 0.6146 1.0000 1.0000 0.7500
0.0727 0.7396 0.7500 0.6000 0.0000
0.0727 0.6771 0.2500 0.0000 0.7500
0.0727 0.4062 1.0000 0.6000 0.7500
0.0909 0.4271 1.0000 0.8000 0.7500
0.0909 0.7292 0.0000 0.8000 0.0000
0.0909 0.6979 1.0000 0.8000 0.2500
0.0909 0.7396 1.0000 1.0000 0.7500
0.0727 0.7396 0.5000 0.0000 0.7500
0.0909 0.6875 1.0000 0.8000 0.7500
0.0909 0.8125 1.0000 0.8000 0.7500
0.0909 0.6771 1.0000 0.8000 0.7500
0.0364 0.5000 1.0000 0.8000 0.7500
0.0727 0.2917 1.0000 0.8000 0.7500
0.0000 0.7500 1.0000 0.6000 0.7500
0.0727 0.3646 0.5000 0.2000 0.7500
0.0909 0.5521 1.0000 1.0000 0.7500
0.0727 0.4167 0.5000 0.2000 0.7500
0.0727 0.3646 0.2500 0.2000 0.5000
0.0727 0.6667 0.2500 0.2000 0.7500
0.0727 0.6146 0.5000 0.2000 0.7500
0.0000 0.5417 1.0000 0.8000 0.7500
0.0909 0.5000 1.0000 0.8000 0.7500
0.0727 0.7604 0.7500 0.8000 0.7500
0.0909 0.7813 1.0000 1.0000 0.7500
0.0727 0.5521 0.5000 0.2000 0.7500
0.0909 0.6146 1.0000 0.8000 0.7500
0.0909 0.3958 0.5000 0.8000 0.7500
0.0727 0.4271 0.5000 0.2000 0.7500
0.0727 0.2708 0.2500 0.2000 0.7500
0.0545 0.4375 0.5000 0.2000 0.7500
0.0727 0.4167 0.7500 0.8000 0.7500
0.0909 0.5833 0.5000 0.6000 0.7500
0.0909 0.4479 1.0000 1.0000 0.0000
0.0000 0.6875 0.0000 0.0000 0.2500
0.0727 0.7396 0.2500 0.2000 0.7500
0.0909 0.6458 1.0000 0.8000 0.7500
0.0727 0.6042 0.2500 0.2000 0.7500
0.0545 0.7917 0.0000 0.6000 0.5000
0.0727 0.5417 0.0000 0.8000 0.0000
0.0909 0.7188 1.0000 0.8000 0.7500
0.0909 0.6250 0.0000 1.0000 0.2500
0.0909 0.8021 0.7500 0.6000 0.7500
0.0727 0.5729 0.5000 0.2000 0.5000
0.0727 0.4479 0.5000 0.2000 0.7500
0.0909 0.6875 1.0000 1.0000 0.7500
0.0909 0.6979 0.7500 0.8000 0.5000
0.0909 0.7604 1.0000 0.8000 0.7500
0.0727 0.6667 1.0000 0.6000 0.7500
0.0727 0.3125 0.2500 0.2000 0.7500
0.0727 0.5521 0.2500 0.2000 0.7500
0.0727 0.4896 0.2500 0.2000 0.5000
0.0909 0.6979 1.0000 1.0000 0.7500
0.1091 0.7083 1.0000 0.6000 0.7500
0.0909 0.7708 1.0000 0.6000 0.7500
0.0727 0.5521 1.0000 0.8000 0.7500
0.0909 0.4896 1.0000 1.0000 0.7500
0.0909 0.7292 0.2500 0.8000 0.7500
0.0727 0.4688 0.2500 0.2000 0.7500
0.0727 0.5521 1.0000 0.8000 0.7500
0.0727 0.2813 0.7500 0.2000 0.7500
0.0727 0.3125 0.2500 0.2000 0.7500
0.0727 0.3333 0.5000 0.2000 0.7500
0.0909 0.8646 1.0000 0.8000 0.7500
0.0727 0.4688 0.2500 0.2000 0.7500
0.0727 0.6146 0.5000 0.2000 0.7500
0.0727 0.6979 0.2500 0.0000 0.7500
0.0909 0.6771 1.0000 0.8000 0.7500
0.0727 0.2604 0.2500 0.2000 0.7500
0.0909 0.7292 0.0000 1.0000 0.7500
0.0727 0.2813 0.5000 0.2000 0.7500
0.0727 0.6667 1.0000 0.8000 0.5000
0.0727 0.6979 1.0000 0.8000 0.7500
0.0727 0.3438 0.5000 0.2000 0.7500
0.0727 0.6042 0.5000 0.2000 0.7500
0.0727 0.7500 0.7500 0.6000 0.7500
0.0909 0.5521 1.0000 1.0000 0.7500
0.0909 0.7917 1.0000 0.8000 0.7500
0.0727 0.6458 0.2500 0.2000 0.7500
0.0727 0.6458 1.0000 0.8000 0.7500
0.0727 0.3854 0.5000 0.2000 0.5000
0.0909 0.5000 0.0000 0.8000 0.0000
0.0909 0.7396 1.0000 0.6000 0.7500
0.0727 0.8438 0.2500 0.2000 0.7500
0.0727 0.5625 0.5000 0.8000 0.7500
0.0727 0.1875 0.2500 0.2000 0.7500
0.0727 0.3021 0.2500 0.2000 0.7500
0.0909 0.7604 1.0000 1.0000 0.7500
0.0727 0.7292 0.5000 0.2000 0.7500
0.0727 0.3542 0.5000 0.2000 0.7500
0.0364 0.3646 0.5000 0.2000 0.5000
0.0909 0.0000 1.0000 0.8000 0.7500
0.0909 0.7500 1.0000 1.0000 0.7500
0.0727 0.6667 1.0000 0.8000 0.7500
0.0909 0.6250 0.2500 0.0000 0.7500
0.0727 0.4792 0.2500 0.2000 0.2500
0.0909 0.3438 0.5000 0.8000 0.7500
0.0364 0.6875 0.2500 0.2000 0.0000
0.0909 0.7917 1.0000 0.8000 0.7500
0.0727 0.6875 0.2500 0.2000 0.7500
0.0727 0.6250 0.0000 0.8000 0.7500
0.0727 0.4479 0.7500 0.2000 0.5000
0.0727 0.4479 0.2500 0.2000 0.7500
0.0909 0.7083 1.0000 1.0000 0.7500
0.0727 0.4583 0.5000 0.2000 0.5000
0.0909 0.6771 1.0000 0.8000 0.7500
0.0909 0.4688 1.0000 1.0000 0.7500
0.0545 0.4479 0.5000 0.2000 0.7500
0.0909 0.4792 0.7500 0.0000 0.7500
0.0727 0.0000 1.0000 1.0000 0.7500
0.0909 0.9063 1.0000 1.0000 0.7500
0.0727 0.4167 0.2500 0.2000 0.0000
0.0727 0.2708 0.2500 0.2000 0.0000
0.0727 0.5938 1.0000 0.6000 0.7500
0.0545 0.4375 0.2500 0.2000 0.7500
0.0545 0.7500 1.0000 0.6000 0.7500
0.0727 0.5938 0.5000 0.8000 0.7500
0.0909 0.6875 0.2500 0.2000 0.7500
0.0727 0.3646 0.2500 0.2000 0.7500
0.0909 0.9063 1.0000 1.0000 0.7500
0.0727 0.6458 0.5000 0.8000 0.7500
0.0727 0.5938 0.5000 1.0000 0.7500
0.0727 0.4271 0.5000 0.2000 0.7500
0.0727 0.6563 0.5000 0.2000 0.0000
0.0727 0.6146 0.5000 0.2000 0.7500
0.0727 0.4271 0.7500 0.2000 0.7500
0.0727 0.6563 1.0000 0.8000 0.7500
0.0909 0.5104 1.0000 0.8000 0.7500
0.1091 0.7396 1.0000 0.8000 0.7500
0.1091 0.4167 0.0000 0.6000 1.0000
0.0909 0.4375 1.0000 1.0000 0.7500
0.0727 0.4792 0.2500 0.2000 0.7500
0.0727 0.6667 0.5000 0.8000 0.7500
0.0727 0.5625 1.0000 0.8000 0.7500
0.0727 0.6458 0.5000 0.8000 0.7500
0.0909 0.5208 0.7500 0.4000 0.7500
0.0364 0.6146 0.0000 0.8000 0.7500
0.0727 0.5938 0.5000 0.2000 0.7500
0.0727 0.4062 0.2500 0.6000 0.7500
0.0909 0.6042 1.0000 1.0000 0.7500
0.0909 0.4375 1.0000 1.0000 0.7500
0.0727 0.8021 1.0000 0.8000 0.7500
0.0727 0.4896 0.5000 0.2000 0.7500
0.0545 0.5208 0.5000 0.2000 0.0000
0.0727 0.2813 0.5000 0.2000 0.7500
0.0727 0.6667 0.7500 0.6000 0.7500
0.0727 0.5521 0.5000 0.2000 0.7500
0.0727 0.6250 0.5000 0.2000 0.7500
0.0909 0.7917 1.0000 0.8000 0.7500
0.0727 0.7188 0.5000 0.2000 0.7500
0.0909 0.8229 1.0000 0.8000 0.7500
0.0909 0.6563 1.0000 1.0000 0.7500
0.0727 0.7500 0.7500 0.0000 0.7500
0.0909 0.5938 1.0000 1.0000 0.7500
0.0909 0.8333 0.7500 1.0000 0.7500
0.0727 0.5521 0.2500 0.2000 0.7500
0.0909 0.6563 1.0000 0.8000 0.7500
0.0727 0.5833 1.0000 0.8000 0.7500
0.0727 0.6667 0.5000 0.8000 0.7500
0.0727 0.6979 1.0000 0.2000 0.7500
0.0727 0.5625 0.2500 0.0000 0.0000
0.0909 0.5729 0.5000 0.0000 0.0000
0.0364 0.7917 0.2500 0.2000 0.5000
0.0909 0.3854 1.0000 0.8000 0.7500
0.0727 0.5417 0.7500 0.8000 0.7500
0.0909 0.8854 1.0000 0.6000 0.7500
0.0364 0.5104 0.5000 0.2000 0.5000
0.0727 0.4062 0.2500 0.2000 0.7500
0.0727 0.4583 0.5000 0.6000 0.7500
0.0909 0.6250 1.0000 1.0000 0.7500
0.0909 0.8229 0.2500 0.0000 0.7500
0.0727 0.6875 0.5000 0.2000 0.7500
0.0909 0.6250 1.0000 0.8000 0.7500
0.0727 0.6563 1.0000 0.0000 0.7500
0.0727 0.6875 0.2500 0.2000 0.7500
0.1091 0.4271 0.5000 0.2000 0.7500
0.0909 0.4583 0.5000 0.8000 0.0000
0.0727 0.6563 1.0000 0.8000 0.7500
0.0909 0.6042 1.0000 0.8000 0.7500
0.0909 0.6146 1.0000 0.8000 0.0000
0.0727 0.5313 1.0000 0.6000 0.7500
0.0727 0.4896 0.5000 0.2000 0.7500
0.0909 0.5313 1.0000 0.8000 0.7500
0.0909 0.7708 1.0000 0.6000 0.7500
0.0727 0.7396 1.0000 0.8000 0.7500
0.0909 0.7708 0.2500 1.0000 0.0000
0.0909 0.4167 0.2500 0.8000 0.7500
0.0727 0.6667 0.7500 0.8000 0.0000
0.0727 0.3333 0.2500 0.2000 0.7500
0.0909 0.6250 1.0000 0.6000 0.7500
0.0727 0.5000 0.2500 0.2000 0.7500
0.0909 0.7188 0.7500 0.8000 0.7500
0.0727 0.7708 0.2500 0.2000 0.2500
0.0909 0.6875 1.0000 1.0000 0.7500
0.0909 0.6875 1.0000 0.8000 1.0000
0.0727 0.4896 1.0000 0.8000 0.7500
0.0727 0.3333 0.2500 0.2000 0.7500
0.0909 0.7813 1.0000 0.8000 0.7500
0.0727 0.2187 0.5000 0.2000 0.7500
0.0727 0.5521 0.2500 0.2000 0.7500
0.0909 0.6354 1.0000 0.8000 0.7500
0.0727 0.4167 0.2500 0.2000 0.0000
0.0909 0.8958 1.0000 0.6000 0.7500
0.0727 0.3229 0.2500 0.2000 0.7500
0.0909 0.6979 1.0000 0.8000 0.7500
0.0727 0.5104 0.5000 0.2000 0.7500
0.0909 0.9687 0.2500 1.0000 0.7500
0.0909 0.7917 1.0000 0.4000 0.7500
0.0727 0.6458 0.7500 0.6000 0.7500
0.0727 0.3854 0.2500 0.2000 0.7500
0.0727 0.5313 0.2500 0.2000 0.7500
0.0909 0.6458 1.0000 0.8000 0.5000
0.0909 0.6042 1.0000 1.0000 0.7500
0.0909 0.5313 1.0000 0.0000 0.0000
0.0727 0.6250 0.5000 0.2000 0.7500
0.0727 0.2396 0.2500 0.2000 0.0000
0.0545 0.4792 0.0000 1.0000 0.0000
0.0909 0.6458 1.0000 1.0000 0.7500
0.0909 0.7917 1.0000 1.0000 0.7500
0.0727 0.6875 1.0000 1.0000 0.7500
0.0909 0.5833 1.0000 0.4000 0.7500
0.0727 0.3542 0.0000 0.0000 1.0000
0.0727 0.4271 0.2500 0.2000 0.7500
0.0727 0.4479 1.0000 0.6000 0.7500
0.0909 0.6354 0.5000 0.8000 0.7500
0.0727 0.5833 0.2500 0.2000 0.7500
0.0909 0.5625 1.0000 0.6000 0.7500
0.0545 0.4479 0.2500 0.0000 0.0000
0.0909 0.8646 1.0000 0.8000 0.7500
0.0727 0.5833 0.5000 0.8000 0.7500
0.0727 0.6042 0.0000 0.8000 0.7500
0.0909 0.5313 1.0000 0.8000 0.5000
0.0727 0.7083 1.0000 0.8000 0.7500
0.0727 0.2500 0.5000 0.2000 0.7500
0.0909 0.6354 0.5000 0.8000 0.7500
0.0727 0.5833 0.5000 0.4000 0.7500
0.0727 0.4062 0.2500 0.6000 0.7500
0.0727 0.5313 0.2500 0.2000 0.7500
0.0727 0.4375 0.2500 0.2000 0.5000
0.0909 0.5625 1.0000 1.0000 0.7500
0.0909 0.8438 0.7500 0.8000 0.7500
0.0545 0.4792 0.2500 0.2000 0.7500
0.0364 0.6771 0.0000 0.2000 0.5000
0.0909 0.7813 1.0000 0.8000 0.7500
0.0909 0.6979 1.0000 0.8000 0.7500
0.0727 0.3646 0.2500 0.2000 0.7500
0.0909 0.8333 1.0000 0.8000 0.7500
0.0727 0.7500 1.0000 0.8000 0.7500
0.0727 0.6042 1.0000 0.6000 0.7500
0.0909 0.6875 1.0000 0.8000 0.7500
0.0909 0.6875 1.0000 0.6000 0.7500
0.0727 0.1979 0.2500 0.2000 0.7500
0.0000 0.6042 1.0000 0.8000 0.7500
0.0727 0.2917 0.2500 0.2000 0.7500
0.0545 0.4792 0.5000 0.2000 0.5000
0.0727 0.5625 0.2500 0.2000 0.7500
0.0727 0.6875 1.0000 0.8000 0.7500
0.0909 0.8333 1.0000 0.6000 0.7500
0.0727 0.5313 0.7500 0.8000 0.7500
0.0909 0.6563 1.0000 0.6000 0.7500
0.0909 0.6354 1.0000 1.0000 0.7500
0.0909 0.6667 0.0000 0.0000 0.7500
0.0909 0.6146 1.0000 0.8000 0.5000
0.0727 0.4792 0.2500 0.2000 0.7500
0.0727 0.3646 0.7500 0.0000 0.5000
0.0727 0.3542 1.0000 0.8000 0.7500
0.0727 0.4792 0.5000 0.2000 0.5000
0.0909 0.4792 1.0000 0.6000 0.7500
0.0727 0.4688 0.5000 0.2000 0.7500
0.0727 0.7708 0.7500 0.2000 0.7500
0.0727 0.5938 0.5000 0.2000 0.7500
0.0909 0.0000 1.0000 0.6000 0.7500
0.0727 0.8333 1.0000 0.8000 0.7500
0.1091 0.7917 0.7500 0.0000 0.7500
0.0727 0.5521 0.0000 0.8000 0.7500
0.0727 0.4062 0.2500 0.2000 0.5000
0.0727 0.4062 0.2500 0.2000 0.0000
0.0909 0.6771 1.0000 1.0000 0.7500
0.0909 0.7708 1.0000 0.8000 0.7500
0.0727 0.5521 0.2500 0.2000 0.5000
0.0727 0.3229 0.2500 0.2000 0.7500
0.0000 0.4688 0.5000 0.8000 0.7500
0.0909 0.4479 1.0000 0.6000 0.7500
0.0727 0.6667 0.2500 0.2000 0.7500
0.0909 0.3438 1.0000 0.8000 0.0000
0.0909 0.5729 1.0000 0.8000 0.7500
0.0909 0.4583 1.0000 1.0000 0.7500
0.0545 0.2396 0.2500 0.2000 0.7500
0.0727 0.7500 0.5000 0.2000 0.7500
0.0909 0.6875 1.0000 1.0000 0.7500
0.0909 0.5313 0.5000 0.8000 0.0000
0.0727 0.4583 0.5000 0.2000 0.7500
0.0909 0.6146 1.0000 0.8000 0.5000
0.0727 0.5208 0.2500 0.2000 0.7500
0.0727 0.6771 0.5000 0.2000 0.7500
0.0909 0.4167 0.7500 0.4000 0.7500
0.0909 0.6771 1.0000 0.6000 0.7500
0.0727 0.5938 1.0000 0.8000 0.7500
0.0727 0.4479 0.2500 0.2000 0.0000
0.0727 0.5729 0.5000 0.2000 0.7500
0.0909 0.6458 0.2500 1.0000 0.7500
0.0727 0.5208 0.7500 0.6000 0.7500
0.0727 0.3958 0.5000 0.2000 0.5000
0.0909 0.7396 1.0000 0.8000 0.7500
0.0727 0.5208 0.2500 0.2000 0.7500
0.0727 0.4792 0.2500 0.2000 0.7500
0.0727 0.6771 0.5000 0.0000 0.0000
0.0727 0.1979 0.7500 0.2000 0.7500
0.0909 0.6875 1.0000 0.8000 0.7500
0.0364 0.2396 0.2500 0.2000 0.7500
0.0727 0.4375 0.2500 0.2000 0.7500
0.0909 0.6250 1.0000 0.6000 0.5000
0.0727 0.4792 0.2500 0.2000 0.7500
0.0727 0.7292 1.0000 0.4000 0.5000
0.0000 0.7188 1.0000 1.0000 0.7500
0.0727 0.5417 0.2500 0.2000 0.7500
0.0909 0.5625 1.0000 0.8000 0.7500
0.0545 0.2187 0.7500 0.2000 0.7500
0.0545 0.5208 0.0000 0.0000 0.7500
0.0364 0.4375 0.0000 0.0000 1.0000
0.0727 0.5729 1.0000 0.8000 0.7500
0.0727 0.5938 0.2500 0.2000 0.7500
0.0727 0.5104 0.2500 0.2000 0.7500
0.0727 0.2500 0.5000 0.2000 0.5000
0.0909 0.5833 1.0000 0.8000 0.7500
0.0727 0.6979 0.5000 0.2000 0.7500
0.0545 0.3542 0.5000 0.2000 0.0000
0.0727 0.3854 0.5000 0.2000 0.7500
0.0727 0.3438 0.2500 0.0000 0.0000
0.0909 0.8333 1.0000 0.8000 0.7500
0.0909 0.9063 1.0000 0.8000 0.7500
0.0909 0.6042 1.0000 0.8000 0.5000
0.0727 0.5833 0.2500 0.2000 0.7500
0.0727 0.4062 0.2500 0.2000 0.7500
0.0727 0.5417 1.0000 0.8000 0.7500
0.0909 0.6979 1.0000 1.0000 0.7500
0.0727 0.6979 0.5000 0.8000 0.7500
0.0545 0.4062 0.2500 0.2000 0.7500
0.0909 0.7813 1.0000 1.0000 0.7500
0.0727 0.7292 0.2500 0.2000 0.2500
0.0909 0.5104 1.0000 0.8000 0.7500
0.0727 0.6875 0.7500 0.6000 0.7500
0.0727 0.6667 1.0000 1.0000 0.7500
0.0727 0.7292 0.2500 0.4000 0.7500
0.0727 0.5000 0.2500 0.2000 0.7500
0.0727 0.7917 1.0000 0.8000 0.7500
0.0727 0.3542 0.2500 0.2000 0.7500
0.0727 0.4896 0.7500 0.2000 0.7500
0.1091 0.5313 1.0000 0.8000 0.7500
0.0909 0.5417 1.0000 0.8000 0.7500
0.0727 0.6146 0.5000 0.2000 0.7500
0.0545 0.6771 1.0000 1.0000 0.7500
0.0727 0.6667 1.0000 0.8000 0.7500
0.0727 0.5625 0.5000 0.2000 0.7500
0.0909 0.7500 1.0000 0.6000 0.0000
0.0909 0.7083 1.0000 0.8000 0.7500
0.0727 0.6042 1.0000 0.8000 0.7500
0.0727 0.6146 0.5000 0.2000 0.7500
0.0545 0.5000 1.0000 0.8000 0.7500
0.0909 0.5729 1.0000 0.8000 0.7500
0.0909 0.8854 1.0000 0.8000 0.7500
0.0909 0.4688 1.0000 0.4000 0.7500
0.0909 0.7917 1.0000 0.8000 0.7500
0.0909 0.6354 1.0000 0.6000 0.7500
0.0727 0.5104 0.2500 0.2000 0.7500
0.0727 0.5313 0.2500 0.2000 0.7500
0.0727 0.4583 0.2500 0.2000 0.7500
0.0727 0.4375 0.5000 0.2000 0.7500
0.0727 0.5104 0.5000 0.2000 0.7500
0.0727 0.6979 1.0000 0.8000 0.7500
0.0727 0.5208 1.0000 1.0000 0.7500
0.0727 0.6771 1.0000 0.6000 0.7500
0.0909 0.7500 1.0000 0.6000 0.7500
0.0727 0.4167 0.5000 0.2000 0.0000
0.0727 0.6979 1.0000 1.0000 0.7500
0.0727 0.6250 0.2500 0.6000 0.7500
0.0727 0.6042 0.2500 0.2000 0.7500
0.0727 0.7500 0.5000 0.2000 0.7500
0.0909 0.6146 0.5000 0.0000 0.0000
0.0727 0.6563 0.2500 0.2000 0.7500
0.0909 0.7500 0.7500 0.4000 0.7500
0.0727 0.2187 0.2500 0.2000 0.7500
0.0909 0.6354 0.2500 0.2000 0.7500
0.0727 0.6563 0.5000 0.2000 0.7500
0.0909 0.8229 0.2500 0.8000 0.7500
0.0727 0.5938 0.5000 0.2000 0.5000
0.0727 0.2917 0.5000 0.2000 0.7500
0.0727 0.6250 0.2500 0.2000 0.7500
0.0727 0.3854 0.5000 0.6000 0.7500
0.0909 0.8646 1.0000 1.0000 0.7500
0.0727 0.4583 0.2500 0.2000 0.7500
0.0909 0.6979 0.7500 1.0000 0.7500
0.0727 0.6146 0.5000 0.8000 0.7500
0.0727 0.6458 1.0000 1.0000 0.7500
0.0545 0.4583 0.0000 0.8000 0.7500
0.0727 0.5729 0.0000 0.0000 0.7500
0.0909 0.8646 0.7500 0.6000 0.7500
0.0909 0.6563 1.0000 0.8000 0.7500
0.0727 0.4688 0.5000 0.2000 0.7500
0.0909 0.6667 1.0000 0.6000 0.7500
0.0909 0.5625 1.0000 0.8000 0.7500
0.0909 0.5625 0.7500 1.0000 0.7500
0.0909 0.8021 1.0000 1.0000 0.7500
0.0727 0.4583 0.2500 0.2000 0.0000
0.0727 0.6771 0.5000 0.2000 0.7500
0.0909 0.3542 0.5000 0.2000 0.7500
0.0727 0.5729 0.2500 0.2000 0.7500
0.0909 0.6042 1.0000 1.0000 0.7500
0.0727 0.8125 0.2500 0.2000 0.2500
0.0727 0.5417 0.2500 0.2000 0.7500
0.0727 0.3750 0.2500 0.2000 0.7500
0.0727 0.5208 1.0000 0.8000 0.0000
0.0727 0.4271 0.2500 0.2000 0.7500
0.0727 0.5938 0.0000 0.8000 0.2500
0.0909 0.6771 1.0000 1.0000 0.7500
0.0727 0.3229 0.5000 0.2000 0.7500
0.0909 0.7500 1.0000 0.4000 0.7500
0.0727 0.6979 1.0000 1.0000 0.7500
0.0909 0.5729 0.7500 0.8000 0.7500
0.0727 0.5521 0.2500 0.2000 0.7500
0.0727 0.5521 0.2500 0.2000 0.7500
0.0545 0.2187 0.2500 0.2000 0.7500
0.0727 0.5313 0.7500 0.6000 0.7500
0.0727 0.5938 0.7500 0.6000 0.7500
0.0727 0.5833 1.0000 0.8000 0.7500
0.0727 0.7188 0.5000 0.2000 0.7500
0.0727 0.5208 1.0000 0.6000 0.7500
0.0909 0.6667 1.0000 1.0000 0.7500
0.0545 0.5313 0.2500 0.2000 1.0000
0.0727 0.8021 1.0000 0.8000 0.7500
0.0000 0.7396 1.0000 0.8000 0.7500
0.0909 1.0000 0.7500 0.8000 0.7500
0.0909 0.5833 1.0000 0.6000 0.2500
0.0727 0.6771 0.2500 0.2000 0.7500
0.0727 0.5625 0.2500 0.2000 0.7500
0.0727 0.5938 0.5000 0.2000 0.0000
0.0727 0.3438 1.0000 0.8000 0.7500
0.0727 0.4792 0.5000 0.2000 0.7500
0.0909 0.8958 1.0000 1.0000 0.7500
0.0909 0.7396 0.7500 0.2000 0.7500
0.0727 0.5938 1.0000 0.6000 0.7500
0.0909 0.6458 1.0000 0.6000 0.7500
0.0727 0.3750 0.2500 0.2000 0.7500
0.0727 0.3646 0.5000 0.2000 0.7500
0.0727 0.5417 0.2500 0.2000 0.7500
0.0909 0.6771 0.7500 0.6000 0.7500
0.0727 0.4896 0.5000 0.2000 0.7500
0.0727 0.5208 0.2500 0.2000 0.7500
0.0727 0.6146 0.5000 0.2000 0.7500
0.0909 0.5417 1.0000 1.0000 0.7500
0.1091 0.6563 0.2500 0.2000 0.7500
0.0727 0.6979 0.2500 0.8000 0.7500
0.0727 0.3958 0.5000 0.6000 0.7500
0.0909 0.6667 0.7500 0.6000 0.7500
0.0909 0.5208 1.0000 0.6000 0.7500
0.0727 0.4688 0.2500 0.2000 0.7500
0.0909 0.7083 1.0000 0.6000 0.7500
0.0909 0.6563 0.0000 0.8000 0.7500
0.0909 0.8125 1.0000 0.8000 0.7500
0.0909 0.5938 0.2500 1.0000 0.7500
0.0727 0.7083 1.0000 1.0000 0.7500
0.0727 0.3958 0.5000 0.6000 0.7500
0.0727 0.6458 0.5000 0.2000 0.7500
0.0727 0.3229 0.2500 0.2000 0.7500
0.0727 0.4792 0.5000 0.2000 0.7500
0.0909 0.5729 1.0000 1.0000 0.7500
0.0909 0.6875 1.0000 0.8000 0.7500
0.0909 0.6146 0.5000 0.2000 0.7500
0.0909 0.7917 0.5000 1.0000 0.7500
0.0545 0.4792 0.7500 0.8000 0.7500
0.0909 0.6250 0.7500 0.2000 0.7500
0.0727 0.3958 0.2500 0.2000 0.7500
0.0909 0.6250 1.0000 0.6000 0.7500
0.0909 0.7708 1.0000 0.8000 0.7500
0.0909 0.6354 1.0000 1.0000 0.7500
0.0727 0.7708 0.5000 0.2000 0.5000
0.0727 0.4688 0.5000 0.4000 0.7500
0.0727 0.4271 0.5000 0.4000 0.7500
0.0727 0.5521 0.7500 0.8000 0.7500
0.1091 0.7500 1.0000 0.6000 0.7500
0.0727 0.6667 1.0000 0.8000 0.7500
0.0909 0.8021 1.0000 0.6000 1.0000
0.0727 0.4896 0.5000 0.8000 0.5000
0.0909 0.3542 1.0000 1.0000 0.5000
0.0727 0.4583 0.2500 0.8000 0.7500
0.0727 0.6667 0.2500 0.2000 0.7500
0.0727 0.4271 0.2500 0.2000 0.7500
0.0909 0.6458 1.0000 0.8000 0.7500
0.0909 0.4479 0.5000 0.2000 0.7500
0.0727 0.4167 0.5000 0.8000 0.5000
0.0727 0.5104 0.5000 0.2000 0.2500
0.0909 0.6979 1.0000 0.4000 0.7500
0.0727 0.4688 0.2500 0.2000 0.7500
0.0727 0.2396 0.2500 0.2000 0.0000
0.0727 0.5521 0.2500 0.2000 0.7500
0.0909 0.6875 1.0000 1.0000 0.7500
0.0909 0.6979 1.0000 1.0000 0.7500
0.0727 0.7188 0.2500 1.0000 0.7500
0.0727 0.5104 0.7500 0.2000 0.7500
0.0727 0.7917 0.5000 0.6000 0.0000
0.0909 0.7188 0.7500 0.8000 0.7500
0.0727 0.3750 0.7500 0.2000 0.7500
0.0727 0.3750 0.5000 0.6000 0.7500
0.0727 0.4375 0.5000 0.2000 0.7500
0.0909 0.5729 1.0000 0.8000 0.7500
0.0727 0.6458 0.5000 0.2000 0.0000
0.0364 0.5104 0.0000 0.6000 0.7500
0.0727 0.6771 0.5000 0.8000 0.7500
0.0727 0.3958 1.0000 0.2000 0.7500
0.0909 0.5938 1.0000 0.8000 1.0000
0.0727 0.5313 0.0000 0.8000 0.7500
0.0909 0.5104 1.0000 1.0000 0.7500
0.0727 0.4583 1.0000 0.8000 0.7500
0.0727 0.3438 0.2500 0.2000 0.7500
0.0727 0.4479 0.2500 0.2000 0.7500
0.0909 0.7292 1.0000 0.8000 0.7500
0.0727 0.6875 0.5000 0.2000 0.0000
0.0545 0.3542 1.0000 0.8000 0.7500
0.0909 0.6042 0.7500 0.8000 0.7500
