0.3765 0.0000 0.7241 0.3842 0.5071 0.7218
0.3765 0.0000 0.7241 0.7685 0.2536 0.0000
0.7194 0.4374 1.0000 0.4406 0.5913 1.0000
0.7530 0.7471 0.0000 0.7685 0.0000 0.7218
1.0000 0.7187 0.5475 0.4406 0.3870 1.0000
0.4389 0.7187 1.0000 1.0000 0.3870 0.5474
0.4389 1.0000 0.5475 0.4406 0.7957 0.5474
0.0000 0.7471 0.7241 0.0000 0.5071 0.0000
0.7530 0.3735 0.7241 0.0000 0.5071 0.0000
0.3765 0.0000 0.7241 0.0000 0.2536 0.0000
0.0000 0.0000 0.7241 0.3842 0.5071 0.7218
1.0000 0.7187 0.5475 0.4406 0.5913 1.0000
0.0000 0.7471 0.7241 0.0000 0.2536 0.0000
0.0000 0.0000 0.7241 0.3842 0.7607 0.0000
0.0000 0.0000 0.7241 0.7685 0.2536 0.7218
0.7530 0.7471 0.7241 0.3842 0.5071 0.7218
1.0000 1.0000 1.0000 0.4406 0.3870 0.5474
0.0000 0.7471 0.7241 0.7685 0.2536 0.7218
0.7530 0.7471 0.7241 0.3842 0.2536 0.0000
0.7530 0.3735 0.7241 0.3842 0.7607 0.0000
0.0000 0.0000 0.7241 0.3842 0.2536 0.0000
0.7530 0.7471 0.0000 0.7685 0.7607 0.0000
0.4389 1.0000 0.5475 0.4406 0.3870 1.0000
0.0000 0.7471 0.7241 0.0000 0.5071 0.7218
0.0000 0.7471 0.0000 0.0000 0.7607 0.7218
0.7530 0.7471 0.0000 0.0000 0.5071 0.0000
0.0000 0.3735 0.0000 0.7685 0.0000 0.7218
0.7530 0.3735 0.7241 0.3842 0.2536 0.0000
0.3765 0.0000 0.7241 0.3842 0.5071 0.0000
0.4389 1.0000 1.0000 0.7203 0.7957 1.0000
0.4389 0.7187 1.0000 0.4406 0.5913 0.5474
0.3765 0.3735 0.7241 0.0000 0.0000 0.7218
0.0000 0.7471 0.0000 0.7685 0.7607 0.7218
0.0000 0.3735 0.0000 0.7685 0.7607 0.7218
0.3765 0.3735 0.0000 0.3842 0.2536 0.7218
0.7530 0.0000 0.7241 0.3842 0.0000 0.0000
0.3765 0.3735 0.0000 0.0000 0.0000 0.0000
1.0000 0.4374 0.5475 0.7203 0.7957 1.0000
0.4389 0.7187 1.0000 1.0000 0.3870 1.0000
0.7530 0.7471 0.7241 0.0000 0.2536 0.7218
1.0000 0.4374 0.5475 1.0000 0.5913 1.0000
0.7194 0.7187 0.5475 1.0000 1.0000 0.5474
0.0000 0.0000 0.0000 0.3842 0.5071 0.0000
0.3765 0.3735 0.0000 0.3842 0.0000 0.0000
0.7530 0.3735 0.7241 0.7685 0.5071 0.7218
0.7530 0.3735 0.0000 0.0000 0.5071 0.0000
0.7530 0.3735 0.0000 0.3842 0.5071 0.7218
0.3765 0.3735 0.7241 0.3842 0.2536 0.0000
0.7194 0.4374 1.0000 1.0000 0.5913 1.0000
1.0000 0.4374 1.0000 1.0000 0.5913 1.0000
0.7194 1.0000 0.5475 1.0000 0.3870 1.0000
0.3765 0.3735 0.7241 0.7685 0.0000 0.0000
0.3765 0.0000 0.0000 0.3842 0.7607 0.7218
0.7530 0.3735 0.7241 0.0000 0.0000 0.0000
0.7194 1.0000 0.5475 1.0000 0.5913 0.5474
1.0000 0.4374 1.0000 0.7203 0.5913 0.5474
0.0000 0.3735 0.0000 0.0000 0.2536 0.0000
0.0000 0.3735 0.0000 0.3842 0.0000 0.7218
0.7530 0.7471 0.7241 0.3842 0.2536 0.7218
0.7530 0.3735 0.7241 0.7685 0.7607 0.0000
1.0000 0.4374 1.0000 0.4406 1.0000 0.5474
0.7530 0.3735 0.0000 0.0000 0.5071 0.7218
0.3765 0.7471 0.0000 0.0000 0.5071 0.0000
0.0000 0.0000 0.0000 0.3842 0.2536 0.7218
0.7194 0.7187 0.5475 0.4406 0.7957 0.5474
0.3765 0.0000 0.0000 0.0000 0.7607 0.7218
0.7530 0.7471 0.0000 0.3842 0.7607 0.7218
0.4389 1.0000 1.0000 1.0000 0.5913 0.5474
0.7530 0.7471 0.0000 0.7685 0.5071 0.0000
0.4389 0.4374 0.5475 1.0000 0.5913 0.5474
0.0000 0.7471 0.0000 0.7685 0.5071 0.7218
0.3765 0.7471 0.7241 0.7685 0.0000 0.0000
0.7194 0.4374 0.5475 1.0000 0.5913 1.0000
0.7530 0.0000 0.7241 0.0000 0.7607 0.7218
0.3765 0.7471 0.7241 0.0000 0.5071 0.7218
0.0000 0.0000 0.7241 0.7685 0.0000 0.0000
0.0000 0.3735 0.0000 0.0000 0.7607 0.0000
0.3765 0.0000 0.0000 0.0000 0.2536 0.7218
0.7194 0.7187 0.5475 0.7203 0.3870 0.5474
0.3765 0.0000 0.7241 0.7685 0.7607 0.7218
0.7530 0.0000 0.7241 0.7685 0.0000 0.0000
0.7530 0.0000 0.7241 0.3842 0.2536 0.0000
0.7530 0.3735 0.7241 0.0000 0.5071 0.7218
0.0000 0.7471 0.7241 0.0000 0.0000 0.0000
0.7530 0.7471 0.0000 0.0000 0.5071 0.7218
0.4389 0.7187 0.5475 1.0000 0.3870 0.5474
0.3765 0.0000 0.7241 0.0000 0.5071 0.7218
0.3765 0.0000 0.0000 0.0000 0.0000 0.0000
0.3765 0.7471 0.0000 0.3842 0.2536 0.7218
0.7530 0.7471 0.0000 0.3842 0.0000 0.7218
0.3765 0.7471 0.7241 0.3842 0.0000 0.7218
0.7530 0.3735 0.0000 0.3842 0.7607 0.0000
0.3765 0.7471 0.0000 0.3842 0.5071 0.7218
0.7194 1.0000 1.0000 0.4406 0.3870 1.0000
0.0000 0.3735 0.7241 0.0000 0.2536 0.0000
0.4389 0.4374 1.0000 0.7203 0.7957 0.5474
0.3765 0.7471 0.7241 0.3842 0.5071 0.0000
0.3765 0.7471 0.7241 0.0000 0.2536 0.0000
0.7530 0.0000 0.7241 0.3842 0.0000 0.7218
0.7530 0.3735 0.0000 0.0000 0.2536 0.7218
1.0000 1.0000 0.5475 0.7203 0.7957 1.0000
0.7530 0.0000 0.7241 0.0000 0.0000 0.7218
0.3765 0.0000 0.0000 0.7685 0.2536 0.0000
0.4389 0.7187 0.5475 0.7203 1.0000 0.5474
0.0000 0.0000 0.7241 0.0000 0.2536 0.7218
0.3765 0.3735 0.0000 0.0000 0.5071 0.7218
0.7194 0.7187 1.0000 0.7203 0.3870 0.5474
0.0000 0.7471 0.7241 0.7685 0.7607 0.0000
0.7530 0.3735 0.7241 0.0000 0.7607 0.7218
0.0000 0.7471 0.7241 0.0000 0.2536 0.7218
0.3765 0.0000 0.0000 0.3842 0.5071 0.7218
0.7530 0.0000 0.0000 0.3842 0.7607 0.7218
0.7530 0.0000 0.7241 0.7685 0.7607 0.7218
0.0000 0.3735 0.7241 0.7685 0.2536 0.7218
0.7194 1.0000 0.5475 0.7203 0.7957 1.0000
0.3765 0.7471 0.7241 0.3842 0.7607 0.7218
0.4389 1.0000 0.5475 1.0000 0.7957 0.5474
0.0000 0.7471 0.7241 0.3842 0.2536 0.7218
1.0000 0.7187 1.0000 1.0000 1.0000 1.0000
0.0000 0.7471 0.7241 0.7685 0.5071 0.7218
0.7530 0.7471 0.0000 0.3842 0.0000 0.0000
0.7194 1.0000 0.5475 1.0000 1.0000 0.5474
0.4389 0.4374 1.0000 0.7203 1.0000 0.5474
0.3765 0.7471 0.7241 0.0000 0.7607 0.0000
0.0000 0.7471 0.0000 0.7685 0.2536 0.0000
0.7194 0.7187 0.5475 1.0000 0.7957 1.0000
0.7194 1.0000 1.0000 0.7203 0.7957 1.0000
0.7530 0.0000 0.0000 0.0000 0.2536 0.0000
0.7194 0.4374 1.0000 1.0000 1.0000 1.0000
0.7530 0.7471 0.0000 0.7685 0.2536 0.0000
0.0000 0.7471 0.0000 0.7685 0.0000 0.0000
0.0000 0.3735 0.0000 0.3842 0.0000 0.0000
0.7530 0.0000 0.7241 0.7685 0.5071 0.7218
0.3765 0.0000 0.7241 0.7685 0.5071 0.7218
0.7530 0.7471 0.7241 0.7685 0.5071 0.0000
0.3765 0.3735 0.7241 0.0000 0.0000 0.0000
0.0000 0.3735 0.7241 0.0000 0.5071 0.0000
0.7194 1.0000 1.0000 1.0000 1.0000 1.0000
0.3765 0.3735 0.7241 0.7685 0.5071 0.0000
0.3765 0.7471 0.7241 0.0000 0.7607 0.7218
0.4389 0.7187 1.0000 1.0000 0.7957 1.0000
0.4389 0.7187 0.5475 0.7203 0.3870 1.0000
0.3765 0.7471 0.0000 0.7685 0.5071 0.7218
0.4389 0.4374 0.5475 0.4406 1.0000 0.5474
0.0000 0.0000 0.0000 0.7685 0.7607 0.7218
0.7530 0.3735 0.0000 0.3842 0.2536 0.7218
0.0000 0.7471 0.7241 0.3842 0.0000 0.7218
0.0000 0.7471 0.0000 0.0000 0.5071 0.0000
0.7530 0.7471 0.0000 0.7685 0.7607 0.7218
0.3765 0.0000 0.7241 0.0000 0.7607 0.0000
0.0000 0.0000 0.0000 0.0000 0.5071 0.7218
0.3765 0.7471 0.0000 0.3842 0.0000 0.7218
0.4389 1.0000 1.0000 0.4406 0.7957 1.0000
0.0000 0.0000 0.0000 0.7685 0.2536 0.0000
1.0000 1.0000 1.0000 0.7203 0.7957 1.0000
0.0000 0.7471 0.0000 0.0000 0.2536 0.0000
0.0000 0.7471 0.0000 0.3842 0.2536 0.0000
0.7194 0.4374 1.0000 0.7203 0.5913 0.5474
0.4389 0.7187 1.0000 0.7203 1.0000 0.5474
0.0000 0.3735 0.0000 0.3842 0.2536 0.0000
0.0000 0.3735 0.0000 0.7685 0.2536 0.0000
0.7194 0.4374 1.0000 1.0000 0.3870 1.0000
0.3765 0.7471 0.7241 0.7685 0.2536 0.7218
0.7194 1.0000 0.5475 0.7203 1.0000 1.0000
0.4389 1.0000 0.5475 0.7203 0.5913 0.5474
0.3765 0.0000 0.0000 0.0000 0.2536 0.0000
0.7530 0.0000 0.0000 0.3842 0.2536 0.0000
0.7530 0.0000 0.0000 0.7685 0.0000 0.7218
1.0000 0.7187 1.0000 1.0000 0.7957 1.0000
0.3765 0.3735 0.7241 0.7685 0.7607 0.7218
0.3765 0.7471 0.7241 0.0000 0.0000 0.7218
0.0000 0.7471 0.0000 0.3842 0.0000 0.7218
0.0000 0.0000 0.0000 0.0000 0.7607 0.0000
0.7194 1.0000 1.0000 0.4406 1.0000 1.0000
0.7194 0.4374 0.5475 0.4406 0.3870 0.5474
0.7194 0.7187 1.0000 1.0000 1.0000 1.0000
0.7530 0.7471 0.7241 0.0000 0.0000 0.0000
1.0000 1.0000 1.0000 0.7203 0.5913 0.5474
0.7530 0.7471 0.7241 0.3842 0.0000 0.7218
1.0000 0.4374 0.5475 0.7203 0.3870 1.0000
0.7530 0.3735 0.7241 0.3842 0.2536 0.7218
0.7530 0.0000 0.0000 0.7685 0.7607 0.7218
0.7530 0.0000 0.7241 0.3842 0.5071 0.7218
0.7530 0.3735 0.7241 0.7685 0.0000 0.7218
0.4389 0.7187 1.0000 1.0000 1.0000 1.0000
1.0000 0.7187 1.0000 0.7203 0.3870 0.5474
0.3765 0.0000 0.7241 0.0000 0.0000 0.7218
1.0000 0.7187 1.0000 0.7203 0.7957 1.0000
0.3765 0.7471 0.7241 0.3842 0.0000 0.0000
0.7194 0.7187 1.0000 0.4406 0.5913 1.0000
0.7530 0.3735 0.0000 0.0000 0.7607 0.0000
0.0000 0.7471 0.0000 0.0000 0.0000 0.7218
0.0000 0.3735 0.0000 0.3842 0.7607 0.0000
0.3765 0.3735 0.0000 0.3842 0.7607 0.0000
0.7530 0.7471 0.7241 0.0000 0.7607 0.7218
0.3765 0.7471 0.7241 0.0000 0.2536 0.7218
0.3765 0.7471 0.0000 0.7685 0.7607 0.7218
0.0000 0.7471 0.0000 0.3842 0.5071 0.0000
0.7530 0.0000 0.7241 0.0000 0.5071 0.7218
0.0000 0.0000 0.7241 0.3842 0.0000 0.7218
0.0000 0.3735 0.7241 0.7685 0.7607 0.0000
0.0000 0.0000 0.7241 0.0000 0.0000 0.7218
1.0000 0.7187 0.5475 1.0000 0.5913 0.5474
0.3765 0.3735 0.0000 0.0000 0.2536 0.7218
0.7530 0.3735 0.0000 0.7685 0.5071 0.0000
0.0000 0.7471 0.7241 0.3842 0.2536 0.0000
0.3765 0.3735 0.7241 0.3842 0.0000 0.7218
0.3765 0.0000 0.7241 0.0000 0.7607 0.7218
0.0000 0.3735 0.7241 0.3842 0.7607 0.7218
0.3765 0.7471 0.0000 0.3842 0.7607 0.7218
0.3765 0.7471 0.7241 0.3842 0.2536 0.0000
0.3765 0.3735 0.0000 0.3842 0.2536 0.0000
0.0000 0.7471 0.0000 0.7685 0.0000 0.7218
0.7530 0.0000 0.7241 0.7685 0.0000 0.7218
0.7530 0.0000 0.7241 0.7685 0.2536 0.0000
0.0000 0.3735 0.0000 0.3842 0.5071 0.7218
0.0000 0.0000 0.0000 0.0000 0.2536 0.0000
0.3765 0.7471 0.0000 0.3842 0.7607 0.0000
0.7530 0.7471 0.7241 0.0000 0.0000 0.7218
0.7530 0.0000 0.0000 0.0000 0.5071 0.0000
1.0000 0.4374 1.0000 0.4406 1.0000 1.0000
0.4389 1.0000 1.0000 0.7203 0.3870 1.0000
0.7530 0.3735 0.0000 0.3842 0.2536 0.0000
0.0000 0.3735 0.7241 0.0000 0.7607 0.0000
0.3765 0.3735 0.0000 0.3842 0.7607 0.7218
0.7194 0.4374 0.5475 0.4406 0.5913 1.0000
0.7194 1.0000 1.0000 1.0000 0.7957 1.0000
0.0000 0.3735 0.0000 0.0000 0.7607 0.7218
0.7530 0.0000 0.0000 0.0000 0.7607 0.0000
0.7530 0.3735 0.7241 0.7685 0.0000 0.0000
0.3765 0.0000 0.0000 0.3842 0.2536 0.7218
0.7530 0.3735 0.0000 0.3842 0.0000 0.0000
0.0000 0.3735 0.7241 0.3842 0.2536 0.7218
0.7194 1.0000 0.5475 0.4406 0.7957 1.0000
0.7530 0.0000 0.7241 0.0000 0.2536 0.0000
0.7530 0.0000 0.7241 0.7685 0.7607 0.0000
0.0000 0.0000 0.0000 0.3842 0.7607 0.7218
1.0000 1.0000 1.0000 0.7203 0.3870 0.5474
0.3765 0.0000 0.0000 0.7685 0.7607 0.7218
0.3765 0.7471 0.0000 0.0000 0.7607 0.7218
0.7530 0.0000 0.7241 0.3842 0.7607 0.7218
1.0000 0.4374 0.5475 1.0000 0.7957 1.0000
1.0000 0.4374 1.0000 1.0000 0.5913 0.5474
0.7530 0.0000 0.7241 0.0000 0.7607 0.0000
0.7530 0.3735 0.0000 0.7685 0.2536 0.0000
0.0000 0.0000 0.0000 0.3842 0.0000 0.0000
0.0000 0.3735 0.0000 0.0000 0.5071 0.0000
0.3765 0.3735 0.7241 0.3842 0.2536 0.7218
0.7530 0.0000 0.0000 0.7685 0.0000 0.0000
0.0000 0.3735 0.0000 0.7685 0.7607 0.0000
0.7530 0.7471 0.7241 0.7685 0.7607 0.0000
0.7530 0.0000 0.0000 0.7685 0.7607 0.0000
0.7530 0.0000 0.0000 0.3842 0.5071 0.0000
0.3765 0.3735 0.0000 0.3842 0.5071 0.7218
0.0000 0.0000 0.7241 0.3842 0.5071 0.0000
0.7530 0.7471 0.0000 0.3842 0.5071 0.0000
0.7194 0.7187 1.0000 0.4406 0.3870 0.5474
0.3765 0.3735 0.0000 0.0000 0.2536 0.0000
0.4389 0.4374 0.5475 1.0000 1.0000 0.5474
0.7530 0.7471 0.7241 0.3842 0.7607 0.7218
0.3765 0.7471 0.0000 0.0000 0.2536 0.0000
1.0000 0.4374 0.5475 1.0000 0.3870 1.0000
0.4389 0.7187 0.5475 0.7203 0.7957 1.0000
0.4389 1.0000 0.5475 0.4406 0.5913 1.0000
0.3765 0.3735 0.7241 0.3842 0.7607 0.7218
0.7194 1.0000 1.0000 0.7203 0.3870 0.5474
0.3765 0.7471 0.7241 0.7685 0.2536 0.0000
0.0000 0.3735 0.7241 0.7685 0.5071 0.7218
0.7194 1.0000 0.5475 0.4406 0.3870 1.0000
0.0000 0.3735 0.7241 0.7685 0.5071 0.0000
0.4389 1.0000 1.0000 0.7203 1.0000 1.0000
0.3765 0.0000 0.0000 0.7685 0.0000 0.0000
0.3765 0.3735 0.7241 0.0000 0.7607 0.0000
0.0000 0.0000 0.0000 0.3842 0.5071 0.7218
0.7530 0.0000 0.7241 0.0000 0.5071 0.0000
0.4389 0.4374 0.5475 0.7203 0.3870 1.0000
0.0000 0.7471 0.0000 0.3842 0.7607 0.7218
0.0000 0.7471 0.7241 0.3842 0.7607 0.7218
0.7530 0.7471 0.7241 0.0000 0.2536 0.0000
1.0000 0.7187 1.0000 0.4406 0.7957 0.5474
0.4389 0.7187 0.5475 1.0000 0.5913 1.0000
0.3765 0.0000 0.0000 0.7685 0.7607 0.0000
0.4389 0.4374 1.0000 0.4406 0.3870 0.5474
0.0000 0.0000 0.0000 0.0000 0.0000 0.7218
1.0000 0.7187 0.5475 0.7203 0.3870 1.0000
0.0000 0.0000 0.7241 0.7685 0.5071 0.0000
0.7194 0.4374 1.0000 0.4406 1.0000 0.5474
0.0000 0.3735 0.0000 0.7685 0.0000 0.0000
0.3765 0.3735 0.0000 0.3842 0.0000 0.7218
0.0000 0.7471 0.0000 0.7685 0.7607 0.0000
0.0000 0.0000 0.0000 0.7685 0.0000 0.7218
0.0000 0.0000 0.0000 0.7685 0.7607 0.0000
0.7530 0.7471 0.7241 0.7685 0.2536 0.0000
0.4389 0.4374 1.0000 0.4406 0.3870 1.0000
1.0000 0.4374 1.0000 1.0000 0.3870 1.0000
1.0000 0.4374 0.5475 0.7203 1.0000 1.0000
0.0000 0.7471 0.7241 0.7685 0.7607 0.7218
0.4389 0.7187 0.5475 1.0000 0.7957 0.5474
0.7194 0.4374 0.5475 0.4406 0.7957 0.5474
0.3765 0.7471 0.7241 0.7685 0.5071 0.0000
0.7194 1.0000 1.0000 0.4406 0.5913 0.5474
0.0000 0.7471 0.7241 0.0000 0.0000 0.7218
0.0000 0.0000 0.0000 0.7685 0.0000 0.0000
0.7530 0.7471 0.7241 0.7685 0.5071 0.7218
0.7194 0.4374 0.5475 1.0000 1.0000 0.5474
1.0000 1.0000 0.5475 0.4406 0.5913 0.5474
0.0000 0.3735 0.7241 0.3842 0.5071 0.7218
0.4389 0.4374 0.5475 0.7203 1.0000 0.5474
0.3765 0.0000 0.0000 0.0000 0.0000 0.7218
0.4389 0.7187 0.5475 1.0000 0.7957 1.0000
1.0000 0.4374 0.5475 1.0000 0.3870 0.5474
0.7530 0.3735 0.0000 0.3842 0.0000 0.7218
0.7530 0.3735 0.0000 0.7685 0.0000 0.7218
0.7530 0.3735 0.7241 0.3842 0.5071 0.0000
0.3765 0.3735 0.0000 0.7685 0.7607 0.0000
1.0000 0.7187 0.5475 0.4406 0.7957 0.5474
1.0000 0.4374 1.0000 0.4406 0.7957 0.5474
0.0000 0.7471 0.0000 0.0000 0.0000 0.0000
0.7194 0.7187 1.0000 0.4406 0.7957 1.0000
0.0000 0.7471 0.0000 0.7685 0.2536 0.7218
0.3765 0.7471 0.0000 0.0000 0.2536 0.7218
0.0000 0.7471 0.7241 0.0000 0.7607 0.0000
0.3765 0.0000 0.7241 0.7685 0.0000 0.7218
0.7530 0.7471 0.0000 0.7685 0.5071 0.7218
0.0000 0.7471 0.7241 0.0000 0.7607 0.7218
0.4389 0.7187 0.5475 1.0000 0.3870 1.0000
0.3765 0.7471 0.0000 0.7685 0.5071 0.0000
0.4389 0.4374 0.5475 0.7203 0.3870 0.5474
0.3765 0.7471 0.0000 0.3842 0.2536 0.0000
0.0000 0.3735 0.0000 0.3842 0.7607 0.7218
0.0000 0.3735 0.7241 0.7685 0.0000 0.0000
0.7530 0.3735 0.7241 0.0000 0.2536 0.0000
0.3765 0.0000 0.7241 0.7685 0.5071 0.0000
0.3765 0.7471 0.0000 0.0000 0.7607 0.0000
0.0000 0.0000 0.7241 0.0000 0.5071 0.7218
0.7530 0.0000 0.7241 0.0000 0.0000 0.0000
0.7530 0.0000 0.0000 0.0000 0.2536 0.7218
0.3765 0.7471 0.0000 0.3842 0.5071 0.0000
0.0000 0.0000 0.0000 0.0000 0.2536 0.7218
0.7194 0.4374 1.0000 1.0000 0.7957 1.0000
0.7530 0.7471 0.0000 0.0000 0.7607 0.7218
0.0000 0.0000 0.7241 0.0000 0.7607 0.0000
0.3765 0.3735 0.7241 0.3842 0.0000 0.0000
0.0000 0.0000 0.7241 0.3842 0.7607 0.7218
0.3765 0.3735 0.0000 0.0000 0.7607 0.0000
0.3765 0.3735 0.7241 0.0000 0.2536 0.0000
0.0000 0.3735 0.7241 0.0000 0.0000 0.0000
0.4389 0.4374 1.0000 1.0000 0.5913 1.0000
0.3765 0.7471 0.0000 0.0000 0.0000 0.7218
0.3765 0.3735 0.0000 0.0000 0.0000 0.7218
0.3765 0.7471 0.7241 0.7685 0.7607 0.0000
0.7530 0.7471 0.0000 0.0000 0.2536 0.7218
0.7194 0.7187 1.0000 0.7203 0.7957 0.5474
1.0000 1.0000 1.0000 1.0000 0.3870 0.5474
0.0000 0.3735 0.7241 0.3842 0.7607 0.0000
0.0000 0.3735 0.0000 0.0000 0.0000 0.7218
0.7530 0.3735 0.0000 0.7685 0.7607 0.7218
0.0000 0.0000 0.7241 0.0000 0.7607 0.7218
