0.1176 0.5628 0.5410 0.2222 0.0000 0.3726 0.0978 0.0500
0.4118 0.9397 0.5574 0.3939 0.3593 0.5618 0.0751 0.3333
0.0000 0.8894 0.4918 0.2929 0.5650 0.5156 0.4244 0.0000
0.0588 0.6281 0.4098 0.4040 0.1974 0.4963 0.3775 0.1167
0.0588 0.4121 0.5246 0.1313 0.1123 0.3159 0.1439 0.0333
0.0588 0.6583 0.5246 0.1414 0.4905 0.3532 0.1328 0.0000
0.1765 0.4523 0.6393 0.0000 0.0000 0.6364 0.2054 0.0000
0.2941 0.5477 0.6148 0.2626 0.0000 0.5365 0.1998 0.6500
0.1765 0.8693 0.6393 0.3939 0.2187 0.5037 0.3809 0.1667
0.1176 0.6080 0.5738 0.3232 0.1123 0.5827 0.3450 0.0333
0.2941 0.5528 0.5574 0.0000 0.0000 0.3875 0.0914 0.1500
0.4118 0.6834 0.7377 0.0000 0.0000 0.4456 0.0564 0.4833
0.2353 0.7236 0.4754 0.2828 0.1655 0.4396 0.0892 0.2667
0.0588 0.3970 0.4918 0.4242 0.0567 0.6483 0.2562 0.0333
0.3529 0.5276 0.6557 0.2828 0.0000 0.4844 0.3416 0.0833
0.1176 0.7236 0.4754 0.3333 0.1596 0.4709 0.1469 0.0667
0.7647 0.7638 0.7377 0.3333 0.0343 0.3994 0.2788 0.3667
0.1765 0.8693 0.6721 0.4848 0.5496 0.5723 0.8792 0.0667
0.2941 0.5578 0.5902 0.2828 0.0000 0.3562 0.1405 0.1000
0.2353 0.4271 0.4754 0.2222 0.0579 0.4143 0.0974 0.1167
0.5882 0.6482 0.6230 0.2828 0.1442 0.5350 0.0863 0.3000
0.0000 0.5126 0.6393 0.4040 0.1064 0.5142 0.0683 0.0500
0.2353 0.5779 0.5902 0.0000 0.0000 0.4307 0.1272 0.4167
0.7647 0.5327 0.5902 0.5455 0.0000 0.5455 0.0427 0.4000
0.1176 0.4472 0.7377 0.3030 0.0000 0.4993 0.0914 0.3500
0.3529 0.6281 0.5574 0.3030 0.1418 0.4471 0.1648 0.1833
0.4118 0.6884 0.7377 0.4141 0.0000 0.4769 0.1336 0.3000
0.5882 0.3417 0.8689 0.2323 0.0579 0.5291 0.0884 0.4333
0.1765 0.9598 0.5574 0.1515 0.1537 0.4605 0.0944 0.2167
0.0588 0.6432 0.6721 0.1717 0.2163 0.4098 0.0158 0.0167
0.1176 0.3417 0.5738 0.3232 0.0780 0.3726 0.0465 0.0667
0.0588 0.5477 0.3115 0.1818 0.1418 0.3443 0.1405 0.0833
0.0000 0.7337 0.6721 0.0000 0.0000 0.6036 0.7272 0.3833
0.0588 0.4020 0.4508 0.0000 0.0000 0.2846 0.0769 0.0000
0.0000 0.8090 0.4098 0.0000 0.0000 0.3264 0.0751 0.7333
0.3529 0.4623 0.5082 0.3232 0.1489 0.4769 0.0030 0.4167
0.3529 0.9749 0.6393 0.0000 0.0000 0.3502 0.0218 0.6333
0.1176 0.6482 0.6066 0.2626 0.2423 0.4948 0.2190 0.0667
0.0588 0.5025 0.5902 0.1212 0.0827 0.3770 0.2477 0.1167
0.0588 0.8643 0.5574 0.4949 0.6844 0.6319 0.2664 0.1167
0.0000 0.4673 0.8197 0.3939 0.0851 0.6468 0.4026 0.2333
0.1176 0.4422 0.4754 0.2626 0.0189 0.4232 0.2938 0.0167
0.0000 0.4874 0.5246 0.3636 0.1182 0.5484 0.2229 0.0667
0.0000 0.6884 0.5738 0.3838 0.0000 0.4948 0.0393 0.0167
0.2941 0.6884 0.8852 0.0000 0.0000 0.7273 0.0636 0.2667
0.3529 0.6281 0.6393 0.3131 0.0000 0.4113 0.2079 0.4667
0.4706 0.5377 0.6557 0.0000 0.0000 0.3666 0.3322 0.2167
0.0588 0.4774 0.6721 0.2525 0.2128 0.5216 0.0662 0.3667
0.2353 0.9497 0.9016 0.3131 0.0000 0.4247 0.2570 0.2667
0.4706 0.3719 0.5738 0.4040 0.0579 0.5261 0.2677 0.3000
0.5882 0.5427 0.5410 0.0000 0.0000 0.4829 0.0828 0.3500
0.5294 0.6181 0.5738 0.4444 0.1111 0.4933 0.1264 0.3167
0.0588 0.4322 0.5410 0.5253 0.0768 0.6155 0.3582 0.1333
0.1176 0.7337 0.6230 0.3535 0.2293 0.5693 0.1072 0.1333
0.1176 0.4824 0.5574 0.1313 0.0579 0.3145 0.2430 0.0833
0.0000 0.6332 0.7049 0.2727 0.1418 0.4083 0.1866 0.0000
0.5882 0.8141 0.6885 0.0000 0.0000 0.4128 0.0444 0.5500
0.2941 0.6533 0.6721 0.0000 0.0000 0.5827 0.3749 0.2667
0.5294 0.3618 0.6393 0.2525 0.0000 0.4709 0.0863 0.2833
0.5882 0.5779 0.0000 0.0000 0.0000 0.0000 0.0781 0.1500
0.3529 0.4372 0.6557 0.0000 0.0000 0.3458 0.0026 0.1833
0.1176 0.7085 0.4754 0.3434 0.1513 0.3785 0.2652 0.0500
0.4706 0.5930 0.5902 0.1919 0.0000 0.3443 0.5969 0.4167
0.0588 0.4975 0.4754 0.1010 0.0000 0.3785 0.2020 0.0000
0.4118 0.8040 0.4426 0.3232 0.2069 0.4545 0.2178 0.3000
0.0000 0.6181 0.7213 0.3737 0.0000 0.5246 0.0508 0.1333
0.0588 0.4673 0.4590 0.1111 0.0000 0.3353 0.1447 0.0167
0.4706 0.5025 0.6066 0.4040 0.2541 0.5872 0.2489 0.3667
0.0588 0.3568 0.6393 0.5051 0.0532 0.4948 0.1469 0.0000
0.1765 0.4372 0.4918 0.1818 0.0000 0.3249 0.1563 0.0000
0.2941 0.7236 0.6721 0.2626 0.3369 0.4769 0.1597 0.6167
0.0588 0.5930 0.4754 0.3636 0.1111 0.4963 0.0781 0.0333
0.6471 0.6784 0.0000 0.0000 0.0000 0.7794 0.2135 0.3167
0.4118 0.5729 0.5246 0.0000 0.0000 0.4083 0.2792 0.2167
0.3529 0.6482 0.7377 0.0707 0.3853 0.2921 0.2152 0.6500
0.0000 0.5075 0.5328 0.2828 0.0000 0.3666 0.0679 0.0167
0.5294 0.2864 0.6557 0.3737 0.0000 0.4888 0.0077 0.3333
0.5294 0.7035 0.7705 0.0000 0.0000 0.4873 0.2801 0.4000
0.1176 0.5126 0.7049 0.3636 0.1418 0.6781 0.0209 0.0333
0.0588 0.4372 0.5574 0.3434 0.0910 0.5604 0.1379 0.0500
0.3529 0.5477 0.4918 0.2727 0.0000 0.3726 0.0547 0.1000
0.0588 0.6985 0.3770 0.1919 0.0981 0.4277 0.2459 0.0167
0.3529 0.5377 0.7213 0.0000 0.0000 0.5484 0.2771 0.1667
0.1765 0.5578 0.4754 0.3131 0.0520 0.4396 0.1503 0.0167
0.2941 0.5176 0.8852 0.3737 0.0000 0.5842 0.0969 0.7333
0.5294 0.6533 0.5738 0.0000 0.0000 0.5097 0.2451 0.4000
0.3529 0.5879 0.7869 0.0000 0.0000 0.4277 0.0337 0.1500
0.0000 0.5025 0.7213 0.6061 0.1300 0.6975 0.3775 0.1667
0.0000 0.5729 0.6557 0.3434 0.3369 0.6587 0.0380 0.1000
0.5294 0.7839 0.7049 0.0000 0.0000 0.3696 0.0649 0.5333
0.0000 0.6281 0.7869 0.0000 0.0000 0.3353 0.0786 0.0000
0.0588 0.6834 0.6066 0.5051 0.2411 0.5574 0.1371 0.0500
0.1765 0.5829 0.0000 0.0000 0.0000 0.3502 0.0465 0.0333
0.0000 0.9095 0.7213 0.4444 0.6028 0.6453 0.0615 0.0833
0.4118 0.6683 0.7213 0.1515 0.1832 0.4829 0.0786 0.2667
0.4706 0.3266 0.5902 0.2323 0.0000 0.4769 0.2229 0.3500
0.5882 0.6985 0.6557 0.0000 0.0000 0.4039 0.5820 0.6000
0.1176 0.5628 0.6148 0.3232 0.0000 0.5320 0.0299 0.0000
0.2941 0.6432 0.6557 0.0000 0.0000 0.5156 0.0282 0.4000
0.2353 0.5176 0.4918 0.3333 0.2270 0.3577 0.3792 0.2000
0.1176 0.6131 0.6230 0.2727 0.2364 0.5350 0.1729 0.0833
0.5294 0.7638 0.6393 0.3434 0.2021 0.5097 0.3480 0.2000
0.7647 0.5226 0.5902 0.0000 0.0000 0.4650 0.1652 0.2833
0.1176 0.6030 0.6230 0.3737 0.1241 0.5917 0.0585 0.1333
0.0000 0.6181 0.5902 0.0000 0.0000 0.5410 0.0769 0.5167
0.0588 0.5829 0.5738 0.2828 0.0000 0.4083 0.0538 0.0000
0.1176 0.5025 0.5738 0.5253 0.0674 0.6036 0.2558 0.0667
0.1176 0.5628 0.5574 0.2222 0.1111 0.5082 0.1012 0.0833
0.0000 0.9497 0.8525 0.2525 0.0000 0.5112 0.1524 0.3333
0.1176 0.4523 0.4918 0.0000 0.0000 0.3502 0.0482 0.0667
0.1176 0.6131 0.4918 0.1818 0.1253 0.4441 0.2728 0.0167
0.1176 0.7337 0.5738 0.3838 0.4255 0.4173 0.1106 0.1333
0.0000 0.5276 0.5246 0.4141 0.1678 0.6185 0.0406 0.0167
0.1765 0.5829 0.6066 0.1515 0.1241 0.3920 0.0124 0.0500
0.0000 0.6884 0.5574 0.1414 0.1749 0.3696 0.0278 0.0000
0.0000 0.5075 0.5082 0.0000 0.0000 0.3264 0.1102 0.0667
0.0000 0.5276 0.7377 0.0000 0.0000 0.4411 0.0508 0.4167
0.1765 0.6985 0.4426 0.0000 0.0000 0.3815 0.1383 0.0167
0.4118 0.9799 0.5738 0.3333 0.1714 0.3741 0.0363 0.5667
0.2941 0.5226 0.6066 0.0000 0.0000 0.4292 0.0320 0.4500
0.0000 0.5126 0.4262 0.0000 0.0000 0.3741 0.0000 0.0000
0.1765 0.5327 0.5902 0.0000 0.0000 0.3845 0.0551 0.1000
0.2353 0.6482 0.4918 0.1212 0.2730 0.4098 0.1917 0.1667
0.4706 0.4774 0.5902 0.0000 0.0000 0.5484 0.1738 0.6000
0.0588 0.4874 0.5410 0.1515 0.1655 0.3458 0.1746 0.0167
0.0000 0.6583 0.0000 0.0000 0.0000 0.6438 0.0820 0.0833
0.3529 0.4271 0.6393 0.0000 0.0000 0.4650 0.1298 0.3500
0.1765 0.9698 0.5738 0.3131 0.0000 0.5201 0.0696 0.0667
0.1765 0.4824 0.4590 0.3434 0.1359 0.3681 0.3698 0.3000
0.1765 0.7437 0.5410 0.2525 0.0000 0.4844 0.0760 0.0167
0.0588 0.5879 0.7213 0.2424 0.1714 0.5142 0.1388 0.3167
0.4706 0.6332 0.6066 0.3838 0.0887 0.3860 0.0359 0.3000
0.2353 0.4975 0.5902 0.1717 0.0000 0.3815 0.0922 0.1167
0.2353 0.4171 0.7049 0.1919 0.0000 0.4367 0.1020 0.2167
0.3529 0.6734 0.6557 0.3737 0.4374 0.6885 0.0683 0.4167
0.7647 0.7940 0.9344 0.0000 0.0000 0.6304 0.0764 0.3833
0.2353 0.6583 0.5574 0.2121 0.1962 0.4933 0.0350 0.1167
0.1765 0.4975 0.6557 0.1111 0.0757 0.2876 0.0880 0.1500
0.0000 0.9045 0.6393 0.6364 0.0165 0.8852 1.0000 0.0667
0.1176 0.3769 0.5246 0.2424 0.0650 0.4426 0.1247 0.2000
0.4118 0.5327 0.4918 0.2424 0.0000 0.3949 0.0931 0.1333
0.1765 0.4020 0.0000 0.0000 0.0000 0.0000 0.0410 0.0167
0.4706 0.9347 0.7377 0.3535 0.2660 0.5142 0.1473 0.2667
0.4118 0.8442 0.7213 0.4242 0.3794 0.5693 0.3027 0.3167
0.0000 0.5879 0.0000 0.0000 0.0000 0.5037 0.3646 0.3833
0.5294 0.7286 0.7213 0.3434 0.1950 0.4516 0.2959 0.5333
0.2941 0.9397 0.6230 0.2727 0.2447 0.6498 0.4082 0.5333
0.1176 0.4372 0.4754 0.1616 0.0615 0.4873 0.0376 0.0667
0.0588 0.4573 0.5246 0.2424 0.0000 0.4352 0.0487 0.0000
0.7059 0.4623 0.5082 0.0707 0.3050 0.4113 0.3621 0.3833
0.1765 0.6030 0.5738 0.3030 0.1596 0.6393 0.1597 0.1500
0.0000 0.4573 0.6557 0.0000 0.0000 0.4829 0.2233 0.1000
0.0000 0.8141 0.6230 0.3636 0.0000 0.7392 0.1221 0.0833
0.0000 0.7085 0.6885 0.2626 0.0000 0.4829 0.1516 0.0167
0.0588 0.5729 0.5410 0.3636 0.2364 0.5678 0.0901 0.0000
0.1765 0.7538 0.6230 0.0000 0.0000 0.3130 0.0551 0.2667
0.4706 0.9899 0.6066 0.0000 0.0000 0.3860 0.4752 0.3000
0.5882 0.8442 0.6066 0.0000 0.0000 0.5663 0.1960 0.2167
0.0588 0.5980 0.4426 0.1313 0.0591 0.3323 0.0542 0.0500
0.0000 0.7588 0.7377 0.4646 0.0000 0.6274 0.1251 0.0000
0.1176 0.4171 0.5410 0.2323 0.0591 0.4799 0.1789 0.0167
0.1176 0.4573 0.5082 0.0000 0.0000 0.4069 0.1909 0.0167
0.0000 0.3719 0.4262 0.1010 0.0426 0.4143 0.0816 0.0167
0.5294 0.8241 0.6885 0.2121 0.0000 0.4590 0.3215 0.1833
0.2353 0.6181 0.5082 0.0000 0.0000 0.4769 0.0632 0.2333
0.0000 0.8995 0.4098 0.3636 0.1879 0.5633 0.1610 0.0167
0.0588 0.3568 0.3934 0.1818 0.0898 0.3040 0.1046 0.0167
0.0000 0.9447 0.6721 0.1414 0.2187 0.4769 0.2579 0.0167
0.1176 0.4372 0.0000 0.2323 0.0000 0.4307 0.2968 0.0667
0.3529 0.7236 0.5902 0.2727 0.2695 0.5052 0.0756 0.3167
0.1176 0.2814 0.4590 0.2828 0.0532 0.3607 0.1085 0.0167
0.3529 0.5176 0.5902 0.3232 0.2246 0.5618 0.1050 0.5667
0.0588 0.5477 0.4918 0.0808 0.2151 0.3785 0.3711 0.0000
0.1176 0.5578 0.4918 0.0000 0.0000 0.3905 0.1132 0.0333
0.4706 0.4221 0.6066 0.3131 0.0000 0.5708 0.1618 0.3000
0.2353 0.8693 0.5738 0.1414 0.1986 0.4426 0.1208 0.2000
0.1765 0.4070 0.7049 0.1616 0.0780 0.4098 0.0974 0.0167
0.1176 0.5276 0.4754 0.4040 0.1111 0.5201 0.0628 0.0667
0.1176 0.5477 0.7541 0.0000 0.0000 0.6364 0.3275 0.5500
0.2353 0.5930 0.5738 0.0000 0.0000 0.6632 0.3527 0.0833
0.2353 0.9899 0.5738 0.3939 0.8794 0.5469 0.9611 0.1667
0.0000 0.8291 0.6230 0.4343 0.3014 0.7139 0.0773 0.0833
0.0000 0.6231 0.5738 0.2020 0.0000 0.4083 0.0751 0.2500
0.0000 0.6332 0.6885 0.2929 0.2541 0.4575 0.1887 0.0500
0.1765 0.6281 0.4754 0.0000 0.0000 0.4709 0.0312 0.0500
0.7059 0.7588 0.5738 0.4040 0.3203 0.6230 0.2835 0.2833
0.2941 0.7940 0.6885 0.4141 0.2482 0.5872 0.1354 0.1333
0.0588 0.6131 0.7377 0.5152 0.2600 0.7407 0.1055 0.1667
0.2353 0.7337 0.7541 0.0000 0.0000 0.4650 0.1968 0.6667
0.0000 0.6583 0.7213 0.0000 0.0000 0.4709 0.2839 0.1833
0.6471 0.6382 0.8689 0.0000 0.0000 0.5812 0.0478 0.5000
0.0000 0.7085 0.0000 0.0000 0.0000 0.6319 0.0542 0.1333
0.0000 0.5578 0.5328 0.0000 0.0000 0.3666 0.2485 0.1667
0.0588 0.8241 0.6721 0.4343 0.0792 0.4888 0.1123 0.4833
0.0588 0.0000 0.6066 0.2020 0.0272 0.4128 0.0944 0.0000
0.0588 0.8392 0.6066 0.1717 0.1702 0.3487 0.1576 0.2000
0.2941 0.0000 0.6557 0.3232 0.0000 0.6110 0.1144 0.2667
0.0000 0.4774 0.6557 0.4545 0.1087 0.5440 0.1076 0.0833
0.0000 0.5930 0.6885 0.4747 0.2719 0.6826 0.2020 0.1667
0.2941 0.4322 0.5574 0.2828 0.0839 0.4501 0.1221 0.0500
0.5882 0.6683 0.5574 0.0000 0.0000 0.4024 0.0713 0.2500
0.5294 0.9246 0.6967 0.1515 0.0000 0.4471 0.4846 0.4667
0.2353 0.7136 0.7049 0.0000 0.0000 0.6557 0.2421 0.0167
0.4118 0.4070 0.6393 0.4040 0.0567 0.6960 0.0781 0.3500
0.4706 0.5276 0.8197 0.3636 0.0000 0.6453 0.0687 0.4000
0.3529 0.7739 0.6066 0.3232 0.2281 0.4367 0.3249 0.3000
0.0588 0.5377 0.5902 0.3030 0.0969 0.4590 0.3173 0.0500
0.0000 0.6482 0.6557 0.0000 0.0000 0.4650 0.2669 0.1333
0.2941 0.8342 0.6230 0.0000 0.0000 0.6811 0.1119 0.1000
0.1176 0.4925 0.4918 0.1717 0.1418 0.5171 0.0512 0.0167
0.1765 0.5126 0.6066 0.0000 0.0000 0.4396 0.0184 0.1833
0.4706 0.5477 0.6230 0.3939 0.1348 0.4158 0.2400 0.1667
0.0588 0.6332 0.4590 0.2929 0.1797 0.4277 0.3087 0.0000
0.1176 0.4422 0.6066 0.1919 0.0626 0.4322 0.0645 0.0167
0.2353 0.6131 0.5574 0.0000 0.0000 0.5216 0.1349 0.1333
0.1765 0.8744 0.4754 0.2222 0.2293 0.4903 0.2199 0.2500
0.0000 0.6884 0.6885 0.2727 0.0000 0.4069 0.0653 0.6333
0.4706 0.5628 0.5902 0.0000 0.0000 0.3517 0.3254 0.6167
0.8235 0.8794 0.5082 0.3030 0.0000 0.5007 0.0572 0.2833
0.2941 0.6080 0.5902 0.2323 0.1324 0.3905 0.0713 0.1500
0.2353 0.4724 0.5328 0.2222 0.0000 0.3681 0.0299 0.0000
0.1176 0.3568 0.5738 0.2727 0.0000 0.4173 0.2169 0.0167
0.5294 0.8291 0.7213 0.0000 0.0000 0.4531 0.0956 0.4667
0.1176 0.6030 0.4426 0.0000 0.0000 0.3994 0.1610 0.1000
0.0000 0.6784 0.7705 0.4646 0.1714 0.6051 0.0880 0.0833
0.1176 0.6231 0.5574 0.2828 0.2423 0.4903 0.3403 0.1500
0.0588 0.9095 0.5246 0.3030 0.2128 0.5082 0.1067 0.2833
0.7647 0.6482 0.0000 0.3030 0.0000 0.5946 0.2097 0.3833
0.0588 0.4372 0.6393 0.2727 0.0378 0.5156 0.0098 0.0167
0.1765 0.5779 0.5410 0.3939 0.1655 0.5678 0.0307 0.1167
0.1765 0.9397 0.5738 0.2222 0.2364 0.5425 0.1409 0.2500
0.4706 0.6683 0.5902 0.0000 0.0000 0.4903 0.0820 0.3000
0.0588 0.5879 0.4918 0.2323 0.1253 0.5037 0.1657 0.1000
0.1765 0.8141 0.4262 0.3838 0.0000 0.5544 0.2451 0.0500
0.4118 0.3116 0.6393 0.0000 0.0000 0.4858 0.1336 0.3333
0.5294 0.6231 0.5738 0.3333 0.4752 0.5276 0.0871 0.2167
0.2353 0.4774 0.5246 0.0000 0.0000 0.4769 0.0354 0.1667
0.4118 0.9095 0.6885 0.2121 0.2270 0.5350 0.2169 0.5000
0.4706 0.7588 0.6393 0.3232 0.2482 0.6393 0.1870 0.2500
0.3529 0.5126 0.6721 0.0000 0.0000 0.4590 0.0436 0.2500
0.1176 0.5628 0.6393 0.5051 0.1655 0.5872 0.0414 0.0500
0.0588 0.6030 0.6557 0.4848 0.2364 0.5797 0.4629 0.3333
0.2353 0.6482 0.7049 0.2020 0.3191 0.5231 0.0653 0.0333
0.4118 0.5729 0.5410 0.0000 0.0000 0.4888 0.0769 0.3500
0.0588 0.5327 0.6230 0.0000 0.0000 0.5589 0.0508 0.0833
0.5882 0.4724 0.5902 0.1818 0.0000 0.3443 0.2208 0.5833
0.3529 0.6734 0.5738 0.2323 0.1537 0.5276 0.1981 0.1333
0.4118 0.9849 0.7377 0.0000 0.0000 0.5931 0.1593 0.3333
0.1765 0.4020 0.6721 0.3131 0.0827 0.5097 0.5184 0.1000
0.2941 0.4874 0.6230 0.2727 0.0000 0.5306 0.1281 0.5167
0.1176 0.5427 0.4262 0.2626 0.0745 0.4844 0.1025 0.0167
0.7647 0.6332 0.7377 0.0000 0.0000 0.6468 0.2156 0.3500
0.1765 0.5176 0.5902 0.3030 0.1797 0.4113 0.2784 0.1000
0.1176 0.5729 0.5574 0.2222 0.0000 0.4277 0.0060 0.0667
0.0588 0.5578 0.7705 0.0000 0.0000 0.4888 0.0798 0.4000
0.0588 0.9095 0.6393 0.4242 0.3463 0.5961 0.5038 0.0167
0.2353 0.5729 0.5246 0.0000 0.0000 0.4307 0.0205 0.0500
0.2941 0.4422 0.6393 0.3030 0.0000 0.4113 0.0769 0.2667
0.1765 0.4221 0.5574 0.3030 0.1253 0.4754 0.2190 0.0667
0.1176 0.4724 0.5574 0.1818 0.0898 0.3875 0.2062 0.0000
0.4706 0.9196 0.5246 0.0000 0.0000 0.3472 0.2536 0.1833
0.2353 0.5528 0.7541 0.0000 0.0000 0.5604 0.0482 0.1500
0.4706 0.6332 0.7213 0.3636 0.1277 0.5738 0.1157 0.4667
0.1765 0.6181 0.8197 0.3535 0.2837 0.8539 0.3424 0.0167
0.1176 0.4271 0.5328 0.0000 0.0000 0.5902 0.3638 0.1000
0.5294 0.8241 0.6393 0.0000 0.0000 0.4888 0.0299 0.4000
0.1765 0.5327 0.4426 0.2121 0.1868 0.4605 0.0914 0.0500
0.0588 0.5628 0.6557 0.4545 0.1560 0.5186 0.0594 0.0500
0.3529 0.8291 0.5574 0.2626 0.1986 0.5007 0.2361 0.4667
0.0000 0.8995 0.7377 0.2727 0.0000 0.6572 0.2596 0.0333
0.0000 0.5226 0.6230 0.0000 0.0000 0.2742 0.2152 0.1000
0.5294 0.8543 0.6066 0.3131 0.0000 0.6557 0.1388 0.3667
0.1765 0.7940 0.5738 0.3030 0.3877 0.5291 0.1136 0.2333
0.7647 0.3819 0.4918 0.0000 0.0000 0.4888 0.0436 0.3333
0.0588 0.5628 0.5902 0.3030 0.2080 0.5127 0.1921 0.0667
0.0588 0.4271 0.5410 0.2929 0.0000 0.3964 0.1166 0.1667
0.1176 0.5427 0.5082 0.3232 0.0662 0.3756 0.0213 0.0000
0.6471 0.7186 0.7705 0.3333 0.1726 0.5455 0.0751 0.5000
0.3529 0.7387 0.6557 0.0000 0.0000 0.4396 0.0427 0.4833
0.0000 0.2864 0.4918 0.0000 0.0000 0.3234 0.2805 0.7667
0.0000 0.5126 0.6148 0.2323 0.0000 0.0000 0.2109 0.0000
0.0588 0.4472 0.5410 0.2323 0.1111 0.4188 0.0380 0.0000
0.1765 0.5678 0.4098 0.1010 0.1005 0.4396 0.2340 0.0667
0.2353 0.4523 0.7213 0.4747 0.0638 0.5618 0.1213 0.1333
0.0588 0.0000 0.3934 0.2020 0.0000 0.3681 0.0265 0.0167
0.2353 0.4623 0.6557 0.0000 0.0000 0.6289 0.0679 0.1333
0.0588 0.4774 0.6066 0.2121 0.0863 0.3860 0.2541 0.2500
0.5294 0.5628 0.6721 0.3232 0.2069 0.5097 0.0777 0.2500
0.0588 0.4975 0.5902 0.3030 0.0213 0.5753 0.1426 0.0000
0.4706 0.7789 0.5082 0.2626 0.5851 0.5067 0.1985 0.4167
0.5294 0.5980 0.6557 0.3535 0.0000 0.4322 0.0790 0.1333
0.0588 0.5578 0.7049 0.1919 0.0000 0.4486 0.0278 0.0333
0.0588 0.6432 0.8033 0.4141 0.0686 0.4769 0.5307 0.2000
0.0588 0.6432 0.3934 0.4545 0.2293 0.6036 0.2284 0.0500
0.0000 0.6985 0.5082 0.1717 0.2482 0.3294 0.0551 0.0000
0.1176 0.8794 0.7213 0.0000 0.0000 0.3413 0.1059 0.0167
0.1765 0.4171 0.4754 0.3131 0.0213 0.5112 0.1102 0.0667
0.2353 0.7337 0.6393 0.0000 0.0000 0.5738 0.1887 0.7667
0.2353 0.7839 0.6148 0.0000 0.0000 0.7198 0.0683 0.1833
0.4118 0.5025 0.0000 0.0000 0.0000 0.4471 0.1734 0.1833
0.2353 0.4975 0.5574 0.3838 0.0000 0.4888 0.0286 0.2000
0.2941 0.4422 0.5410 0.2121 0.0272 0.3636 0.1127 0.1500
0.0588 0.5327 0.5738 0.2828 0.1596 0.5097 0.0273 0.0167
0.0000 0.8693 0.6393 0.3232 0.3132 0.6930 0.4616 0.6167
0.0000 0.5327 0.5738 0.3737 0.1749 0.5872 0.2250 0.0167
0.1176 0.5276 0.6148 0.0000 0.0000 0.3472 0.2058 0.5333
0.2941 0.4271 0.6066 0.2222 0.0000 0.4322 0.4893 0.1833
0.0000 0.5930 0.5246 0.2323 0.1052 0.0000 0.7058 0.0000
0.0000 0.9045 0.7377 0.2626 0.1064 0.5440 0.1008 0.2333
0.0588 0.8191 0.5902 0.0000 0.0000 0.5812 0.4885 0.2000
0.1176 0.6432 0.5246 0.4242 0.0000 0.5961 0.4368 0.0500
0.1176 0.5327 0.4590 0.2727 0.1950 0.4322 0.1486 0.0167
0.2353 0.4523 0.0000 0.0000 0.0000 0.4173 0.2272 0.1667
0.2941 0.6834 0.6721 0.0000 0.0000 0.0000 0.2400 0.8000
0.1765 0.5427 0.5082 0.2424 0.0000 0.3875 0.0619 0.0667
0.1176 0.6382 0.4754 0.2424 0.3251 0.4128 0.6499 0.0667
0.3529 0.5779 0.4918 0.3939 0.0000 0.5022 0.0713 0.3167
0.3529 0.4673 0.4098 0.3030 0.0757 0.4277 0.1187 0.0333
0.4706 0.6231 0.6230 0.2424 0.7092 0.4277 0.2600 0.5167
0.1176 0.5427 0.6557 0.0000 0.0000 0.4024 0.0773 0.5167
0.0588 0.4874 0.5574 0.2121 0.0000 0.4054 0.4342 0.0167
0.4706 0.8844 0.7377 0.3434 0.3546 0.5022 0.1661 0.6167
0.0000 0.5427 0.5574 0.2020 0.0000 0.4069 0.3027 0.1833
0.0588 0.5276 0.4754 0.0000 0.0000 0.3621 0.0465 0.0000
0.2353 0.6281 0.5738 0.1818 0.1442 0.4307 0.4552 0.4000
0.0000 0.5377 0.6230 0.0000 0.0000 0.6751 0.2596 0.0500
0.3529 0.4975 0.4918 0.1919 0.0638 0.4009 0.1789 0.1833
0.8235 0.5025 0.6393 0.2525 0.2175 0.5455 0.1426 0.4167
0.1176 0.5075 0.4754 0.3535 0.1064 0.3249 0.0329 0.0167
0.0000 0.6633 0.6393 0.0000 0.0000 0.4829 0.1345 0.0000
0.0000 0.6734 0.4754 0.2020 0.3440 0.3934 0.1170 0.0000
0.2941 0.3869 0.6721 0.4141 0.0496 0.5335 0.0333 0.2333
0.2353 0.7337 0.6967 0.2727 0.1182 0.4307 0.0474 0.1000
0.4118 0.7990 0.5246 0.0000 0.0000 0.4083 0.0922 0.3167
0.1176 0.5025 0.4426 0.2828 0.1241 0.5633 0.1793 0.0500
0.0588 0.4874 0.5246 0.1919 0.0969 0.2712 0.0944 0.0000
0.1765 0.8492 0.6066 0.1919 0.1478 0.4456 0.0811 0.1667
0.0588 0.5980 0.3607 0.4747 0.0745 0.5291 0.0863 0.0667
0.1176 0.4523 0.6557 0.1414 0.0650 0.3636 0.0730 0.0500
0.0000 0.3668 0.0000 0.0000 0.0000 0.3145 0.1127 0.0667
0.1765 0.3719 0.5574 0.2828 0.0532 0.4426 0.0918 0.0333
0.4706 0.8995 0.5902 0.4242 0.1537 0.4873 0.2737 0.2500
0.0000 0.4774 0.6967 0.2525 0.0426 0.5574 0.0722 0.0500
0.2941 0.6332 0.6393 0.2727 0.0260 0.4411 0.1541 0.3167
0.0588 0.7186 0.6066 0.2222 0.0721 0.3905 0.0760 0.0000
0.1765 0.7940 0.5246 0.1313 0.4574 0.4650 0.0927 0.0500
0.0588 0.4070 0.6066 0.4141 0.0674 0.6900 0.4347 0.1833
0.1176 0.5980 0.0000 0.0000 0.0000 0.2921 0.3219 0.8500
0.3529 0.5276 0.5738 0.3232 0.0804 0.4590 0.0188 0.2667
0.3529 0.5176 0.5410 0.0000 0.0000 0.3621 0.0730 0.1333
0.2941 0.6985 0.5246 0.3535 0.1655 0.4262 0.1422 0.0833
0.5294 0.4573 0.5574 0.0000 0.0000 0.3607 0.0521 0.6167
0.0588 0.7588 0.4918 0.0000 0.0000 0.3890 0.0431 0.0167
0.1765 0.6482 0.7541 0.4949 0.1832 0.5425 0.3800 0.1833
0.1176 0.9899 0.5738 1.0000 0.0000 0.5171 0.2122 0.6833
0.2941 0.8342 0.5902 0.1919 0.2069 0.3845 0.2173 0.5000
0.2353 0.9246 0.6393 0.3939 0.3274 0.5514 0.0794 0.1667
0.3529 0.5427 0.3607 0.2020 0.1537 0.3577 0.3138 0.2333
0.5294 0.5126 0.6230 0.3737 0.0000 0.4903 0.2506 0.4167
0.4118 0.9246 0.6885 0.3333 0.0000 0.5291 0.1183 0.3333
0.4118 0.5126 0.6066 0.4040 0.1241 0.5544 0.0538 0.4000
0.1765 0.5578 0.4590 0.3939 0.0000 0.4486 0.2045 0.1500
0.4706 0.5025 0.6230 0.0000 0.0000 0.5768 0.0478 0.3500
0.0000 0.6231 0.4590 0.1313 0.1241 0.3249 0.1597 0.0000
0.4706 0.5427 0.5738 0.0000 0.0000 0.4545 0.3745 0.2000
0.4118 0.5377 0.6066 0.0000 0.0000 0.4411 0.0751 0.1667
0.2941 0.2211 0.5082 0.0000 0.0000 0.3726 0.2173 0.2500
0.0588 0.5377 0.5574 0.1919 0.0000 0.3949 0.0371 0.0500
0.8824 0.6834 0.5738 0.3232 0.1300 0.5529 0.0320 0.3667
0.1765 0.4121 0.5738 0.0000 0.0000 0.3145 0.1328 0.0667
0.3529 0.4020 0.5410 0.3030 0.0000 0.3905 0.1003 0.3333
0.5294 0.7286 0.6557 0.4646 0.1537 0.5648 0.2387 0.3167
0.2941 0.5779 0.6230 0.0000 0.0000 0.4650 0.1132 0.3833
0.0000 0.6281 0.5574 0.0000 0.0000 0.3681 0.0547 0.0000
0.0588 0.5025 0.5410 0.1515 0.0662 0.3517 0.2511 0.0833
0.4118 0.6683 0.6885 0.0000 0.0000 0.5991 0.2639 0.2667
0.2353 0.7739 0.5082 0.3131 0.3357 0.4888 0.0679 0.0333
0.4118 0.9397 0.4098 0.3333 0.4634 0.5052 0.3194 0.2167
0.2941 0.5276 0.5902 0.2929 0.3842 0.5499 0.0346 0.1167
0.0588 0.4573 0.4426 0.2525 0.1182 0.3756 0.0666 0.0333
0.0000 0.5879 0.5410 0.3131 0.2222 0.4590 0.1772 0.0167
0.1176 0.4070 0.5902 0.1515 0.0898 0.4486 0.2003 0.0667
0.0000 0.8141 0.6230 0.5657 0.1182 0.7928 0.2908 0.0667
0.0588 0.6131 0.5246 0.3232 0.1844 0.5231 0.2622 0.1500
0.0588 0.8442 0.7213 0.2929 0.0000 0.5216 0.3531 0.5167
0.2941 0.3668 0.4918 0.0000 0.0000 0.3994 0.0811 0.1000
0.4706 0.6030 0.7049 0.0000 0.0000 0.4232 0.0773 0.0167
0.1176 0.5025 0.5574 0.2525 0.0839 0.5738 0.1050 0.0833
0.5882 0.5075 0.7049 0.3737 0.0000 0.6796 0.4518 0.2833
0.3529 0.6231 0.5902 0.0000 0.0000 0.4113 0.1238 0.1333
0.2941 0.6633 0.6557 0.0000 0.0000 0.3994 0.0461 0.8000
0.0588 0.8693 0.6066 0.0000 0.0000 0.5484 0.0043 0.2833
0.5294 0.4472 0.5082 0.0000 0.0000 0.3353 0.0273 0.2000
0.0000 0.4573 0.5574 0.3232 0.2482 0.5946 0.1294 0.0667
0.0588 0.5176 0.2459 0.3838 0.0981 0.6453 0.0448 0.2000
0.0000 0.7387 0.6967 0.5455 0.0000 0.6379 0.1268 0.0500
0.1176 0.5427 0.5082 0.1010 0.3286 0.3770 0.3429 0.0167
0.3529 0.8141 0.5082 0.0000 0.0000 0.3621 0.0427 0.4833
0.5882 0.6131 0.5574 0.0000 0.0000 0.4650 0.0769 0.3333
0.0588 0.3668 0.4098 0.1010 0.0000 0.3428 0.0726 0.0000
0.1176 0.4975 0.4262 0.1515 0.1111 0.3666 0.2387 0.0000
0.4118 0.6834 0.6066 0.2626 0.1596 0.3875 0.2430 0.5000
0.1176 0.7136 0.6721 0.1818 0.0757 0.3681 0.2916 0.0000
0.3529 0.5226 0.6066 0.1818 0.1844 0.4456 0.2750 0.3333
0.0000 0.4774 0.5246 0.3939 0.1241 0.6647 0.1230 0.0167
0.0588 0.4874 0.5738 0.4040 0.0000 0.5678 0.0598 0.1500
0.0000 0.5276 0.5574 0.2222 0.0000 0.2981 0.0675 0.0167
0.2353 0.5879 0.5082 0.1212 0.0000 0.4426 0.1289 0.1500
0.0000 0.7638 0.6721 0.3939 0.3215 0.6185 0.0820 0.1000
0.0588 0.6281 0.5738 0.2424 0.1300 0.3621 0.0611 0.0667
0.0000 0.5980 0.5410 0.2727 0.0000 0.5782 0.0773 0.0167
0.4118 0.5980 0.0000 0.0000 0.0000 0.3756 0.0559 0.2667
0.6471 0.5176 0.5574 0.4040 0.0000 0.6885 0.0205 0.3500
0.2941 0.9497 0.5246 0.3333 0.3842 0.4650 0.2156 0.1333
0.0588 0.5025 0.6066 0.1212 0.0544 0.2906 0.0303 0.1167
0.1765 0.3920 0.5738 0.0000 0.0000 0.4844 0.0820 0.3000
0.1765 0.7940 0.6230 0.3636 0.2896 0.4709 0.3301 0.1167
0.0588 0.4824 0.5246 0.2727 0.1028 0.4948 0.0901 0.0000
0.5294 0.5628 0.6721 0.2424 0.0000 0.4203 0.5141 0.4833
0.0588 0.4824 1.0000 0.0000 0.0000 0.3338 0.0551 0.1000
0.1765 0.5377 0.5082 0.1313 0.0567 0.3413 0.2562 0.0333
0.0000 0.6482 0.9016 0.4646 0.1537 1.0000 0.1029 0.0833
0.2353 0.5477 0.5246 0.4444 0.1170 0.5186 0.3531 0.0833
0.1765 0.8844 0.7049 0.2727 0.1844 0.4963 0.4594 0.5167
0.0000 0.4322 0.5574 0.3232 0.0000 0.5335 0.0683 0.0667
0.0000 0.4724 0.0000 0.0000 0.0000 0.0000 0.0760 0.0667
0.1176 0.4623 0.4262 0.0000 0.0000 0.4486 0.0269 0.0167
0.0588 0.5678 0.5246 0.3535 0.0000 0.5007 0.1985 0.0000
0.5882 0.8995 0.5738 0.0000 0.0000 0.5231 0.0521 0.2667
0.3529 0.4020 0.6557 0.3636 0.0000 0.5931 0.0423 0.1167
0.2941 0.5879 0.7049 0.3030 0.1241 0.5827 0.0739 0.3500
0.3529 0.5126 0.7377 0.3939 0.0000 0.5320 0.2545 0.1167
0.2353 0.4975 0.6230 0.1515 0.0603 0.3458 0.0619 0.0000
0.0000 0.6884 0.3279 0.3535 0.1986 0.6423 0.9436 0.2000
0.0000 0.4724 0.5738 0.2727 0.1359 0.6483 0.1149 0.0000
0.2353 0.4774 0.4918 0.3232 0.0000 0.5276 0.0880 0.1167
0.1176 0.5276 0.6557 0.4545 0.2258 0.5022 0.2703 0.1333
0.0588 0.4523 0.5574 0.0808 0.0000 0.3651 0.4526 0.2500
0.0000 0.6382 0.6557 0.3737 0.2482 0.5410 0.3100 0.0333
0.1176 0.5025 0.5246 0.2323 0.0000 0.4426 0.1238 0.0000
0.2941 0.3920 0.3934 0.0000 0.0000 0.5022 0.2459 0.0667
0.2353 0.5528 0.5410 0.0000 0.0000 0.4754 0.1678 0.1333
0.0588 0.7487 0.5574 0.2929 0.1501 0.4367 0.1157 0.3500
0.0000 0.9045 0.5410 0.3939 0.0000 0.6259 0.7750 0.0667
0.3529 0.0000 0.5574 0.4141 0.0000 0.5812 0.2771 0.3333
0.0588 0.7688 0.6721 0.4242 0.5733 0.6051 0.2600 0.0333
0.4118 0.9749 0.5574 0.2828 0.0000 0.5350 0.2848 0.3333
0.0588 0.7889 0.5902 0.2121 0.1986 0.3815 0.0192 0.0500
0.0588 0.6683 0.8361 0.2828 0.1655 0.4888 0.0666 0.4000
0.1176 0.4673 0.5246 0.3232 0.1891 0.5663 0.2545 0.0333
0.1176 0.5377 0.6066 0.3030 0.1182 0.5007 0.1392 0.0333
0.1176 0.8744 0.7213 0.3737 0.1418 0.6632 0.2425 0.0500
0.2353 0.5879 0.5246 0.2727 0.1418 0.4948 0.0649 0.0500
0.5882 0.3769 0.6721 0.0000 0.0000 0.4963 0.0790 0.2833
0.4706 0.9095 0.5574 0.3636 0.5851 0.4486 0.2293 0.6500
0.0000 0.8291 0.7377 0.3333 0.8038 0.7794 0.1490 0.0333
0.0588 0.5427 0.4918 0.4646 0.2104 0.5291 0.1439 0.0500
0.2353 0.7940 0.6393 0.0000 0.0000 0.4903 0.3096 0.1667
0.4118 0.6281 0.7049 0.0000 0.0000 0.5604 0.0965 0.5000
