0.6667 0.2692 0.6667 0.6667 1.0000 0.0000 1.0000
0.6667 0.0192 0.3333 1.0000 0.6667 0.0000 0.0000
0.6667 0.4231 1.0000 1.0000 0.3333 0.6667 1.0000
0.0000 1.0000 1.0000 1.0000 0.0000 0.0000 1.0000
0.3333 0.5192 0.6667 1.0000 0.3333 0.6667 1.0000
0.3333 0.5577 0.6667 1.0000 0.3333 0.6667 1.0000
0.3333 0.5192 0.6667 0.3333 0.6667 0.1667 0.5000
0.6667 0.3654 1.0000 1.0000 0.6667 0.6667 1.0000
0.6667 0.4038 0.6667 0.6667 0.6667 0.0000 1.0000
0.0000 0.9808 1.0000 0.6667 0.0000 0.0000 1.0000
1.0000 0.7692 0.6667 1.0000 0.6667 0.6667 1.0000
0.6667 0.1346 0.6667 1.0000 0.6667 0.3333 1.0000
0.6667 0.3269 0.6667 1.0000 1.0000 0.3333 1.0000
0.3333 0.6538 0.6667 1.0000 0.6667 0.6667 1.0000
0.3333 0.7308 0.6667 1.0000 0.6667 0.0000 1.0000
0.6667 0.0385 0.6667 0.6667 0.6667 0.0000 1.0000
0.6667 0.0192 0.6667 1.0000 0.6667 0.6667 1.0000
0.6667 0.1923 0.6667 0.6667 1.0000 0.0000 1.0000
1.0000 0.8077 0.6667 1.0000 0.6667 0.6667 0.5000
0.6667 0.1731 0.6667 1.0000 1.0000 0.3333 1.0000
0.3333 0.5000 0.3333 1.0000 0.6667 0.3333 1.0000
0.6667 0.4423 1.0000 1.0000 0.6667 0.3333 1.0000
0.0000 0.0000 0.6667 1.0000 0.6667 0.0000 1.0000
0.6667 0.1154 0.0000 1.0000 0.6667 0.3333 0.5000
0.3333 0.5577 0.0000 1.0000 0.6667 0.3333 0.5000
0.3333 0.7115 0.6667 0.6667 1.0000 0.3333 0.5000
1.0000 0.9231 1.0000 1.0000 1.0000 0.3333 1.0000
1.0000 0.9231 0.6667 1.0000 0.0000 0.3333 1.0000
1.0000 0.8077 1.0000 1.0000 0.3333 0.0000 1.0000
0.3333 0.5577 0.0000 1.0000 0.6667 0.3333 0.5000
0.6667 0.3654 0.3333 1.0000 0.6667 0.0000 1.0000
0.6667 0.2308 0.3333 0.6667 0.6667 0.3333 1.0000
0.6667 0.3462 0.6667 0.6667 0.6667 0.3333 1.0000
1.0000 0.7885 0.3333 0.6667 1.0000 0.3333 1.0000
0.3333 0.4615 0.6667 1.0000 0.6667 0.6667 1.0000
0.3333 0.7500 0.0000 0.3333 0.0000 0.1667 0.5000
1.0000 0.9038 1.0000 1.0000 0.6667 0.3333 1.0000
0.3333 0.7500 0.3333 0.6667 0.0000 0.3333 1.0000
0.3333 0.4615 0.3333 1.0000 0.6667 0.6667 1.0000
0.6667 0.1538 0.3333 0.6667 0.6667 0.3333 1.0000
0.6667 0.3846 0.6667 1.0000 1.0000 0.3333 1.0000
1.0000 0.8269 0.6667 1.0000 0.6667 0.3333 1.0000
0.6667 0.2692 1.0000 1.0000 1.0000 0.6667 1.0000
0.3333 0.5385 0.0000 0.6667 0.6667 0.3333 0.5000
0.3333 0.5192 0.0000 1.0000 0.3333 0.3333 0.5000
0.6667 0.1154 0.6667 0.6667 0.6667 0.3333 1.0000
0.3333 0.6923 0.6667 1.0000 0.6667 0.3333 1.0000
0.3333 0.5385 0.0000 0.3333 0.6667 0.1667 0.5000
0.6667 0.0769 0.6667 0.6667 0.6667 0.3333 1.0000
0.3333 0.6346 0.6667 1.0000 0.6667 0.3333 1.0000
0.6667 0.4423 0.0000 1.0000 0.0000 0.3333 0.5000
0.3333 0.5769 0.3333 1.0000 0.0000 0.3333 1.0000
0.3333 0.5577 0.0000 1.0000 0.6667 0.3333 0.5000
0.3333 0.6154 0.6667 1.0000 1.0000 0.6667 1.0000
0.6667 0.0577 0.0000 1.0000 0.6667 0.3333 0.5000
1.0000 0.9423 0.6667 0.6667 0.6667 0.3333 1.0000
0.3333 0.6538 0.6667 1.0000 0.6667 0.3333 1.0000
0.3333 0.5769 0.6667 0.0000 0.0000 0.0000 1.0000
0.3333 0.5385 0.6667 0.6667 0.3333 0.6667 1.0000
0.3333 0.5000 0.6667 1.0000 0.3333 0.6667 1.0000
