0.6667 0.2857 0.6667 0.6667 1.0000 0.0000 1.0000
0.3333 0.6531 0.6667 1.0000 1.0000 1.0000 1.0000
0.3333 0.7755 0.6667 1.0000 1.0000 0.5000 1.0000
0.0000 0.0000 0.6667 1.0000 0.6667 0.0000 1.0000
0.6667 0.1224 0.6667 1.0000 0.6667 1.0000 1.0000
0.6667 0.2245 0.6667 1.0000 0.0000 0.5000 1.0000
1.0000 0.8776 0.6667 1.0000 0.6667 0.5000 1.0000
0.6667 0.4694 0.0000 1.0000 0.0000 0.5000 0.5000
0.6667 0.0612 0.0000 1.0000 0.6667 0.5000 0.5000
0.3333 0.5306 0.6667 1.0000 0.3333 1.0000 1.0000
0.6667 0.3878 0.3333 1.0000 0.6667 0.0000 1.0000
1.0000 0.9184 0.6667 1.0000 0.0000 0.5000 1.0000
0.6667 0.0816 0.6667 0.6667 0.6667 0.5000 1.0000
0.6667 0.3265 0.3333 0.6667 0.0000 0.5000 0.0000
0.3333 0.6122 0.6667 0.0000 0.0000 0.0000 1.0000
1.0000 0.9796 0.6667 1.0000 0.0000 0.5000 1.0000
0.6667 0.4082 0.6667 1.0000 1.0000 0.5000 1.0000
0.3333 0.5102 0.0000 1.0000 0.6667 0.5000 0.5000
0.6667 0.0816 0.0000 0.6667 0.6667 0.5000 0.5000
0.3333 0.5918 0.0000 1.0000 0.6667 0.5000 0.5000
0.3333 0.5306 0.3333 1.0000 0.6667 0.5000 1.0000
0.3333 0.4898 0.6667 1.0000 0.6667 1.0000 1.0000
0.3333 0.5510 0.6667 0.3333 0.6667 0.2500 0.5000
1.0000 1.0000 0.6667 0.6667 0.6667 0.5000 1.0000
0.6667 0.3469 0.6667 1.0000 1.0000 0.5000 1.0000
0.3333 0.8061 1.0000 1.0000 0.6667 1.0000 1.0000
0.6667 0.2041 0.6667 0.6667 1.0000 0.0000 1.0000
0.3333 0.5102 0.0000 1.0000 0.6667 0.5000 0.5000
0.3333 0.5714 0.0000 0.6667 0.6667 0.5000 0.5000
0.3333 0.7959 0.6667 0.6667 0.0000 0.0000 1.0000
0.6667 0.1224 0.0000 1.0000 0.6667 0.5000 0.5000
0.3333 0.5714 0.0000 0.3333 0.6667 0.2500 0.5000
0.3333 0.6939 0.6667 1.0000 0.6667 1.0000 1.0000
0.3333 0.7551 0.6667 0.6667 1.0000 0.5000 0.5000
0.6667 0.2041 0.3333 0.6667 0.0000 0.5000 1.0000
0.6667 0.3673 0.6667 0.6667 0.6667 0.5000 1.0000
1.0000 0.8367 0.6667 0.6667 1.0000 0.5000 1.0000
0.3333 0.7959 0.0000 0.3333 0.0000 0.2500 0.5000
1.0000 0.8163 0.6667 1.0000 0.6667 1.0000 1.0000
0.6667 0.1837 0.6667 1.0000 1.0000 0.5000 1.0000
0.3333 0.6531 0.3333 1.0000 0.6667 0.5000 0.5000
0.6667 0.1633 0.3333 0.6667 0.6667 0.5000 1.0000
1.0000 0.8571 0.6667 1.0000 0.6667 1.0000 0.5000
0.3333 0.7857 1.0000 1.0000 0.6667 0.5000 0.5000
0.3333 0.5918 0.0000 1.0000 0.6667 0.5000 0.5000
0.3333 0.6122 0.6667 1.0000 1.0000 1.0000 1.0000
1.0000 0.9796 1.0000 1.0000 1.0000 0.5000 1.0000
0.3333 0.5510 0.6667 1.0000 0.3333 1.0000 1.0000
0.6667 0.2449 0.3333 0.6667 0.6667 0.5000 1.0000
0.6667 0.0204 0.3333 1.0000 0.6667 0.0000 0.0000
0.6667 0.3265 0.6667 0.6667 0.6667 0.5000 1.0000
0.3333 0.6327 0.3333 0.6667 0.0000 0.5000 1.0000
1.0000 0.9184 0.3333 0.6667 0.0000 0.5000 1.0000
0.3333 0.5102 0.6667 1.0000 0.0000 0.5000 1.0000
0.3333 0.6735 0.6667 1.0000 0.6667 0.5000 1.0000
0.3333 0.7959 0.3333 0.6667 0.0000 0.5000 1.0000
0.3333 0.5102 0.6667 1.0000 0.3333 1.0000 1.0000
1.0000 0.9388 0.6667 1.0000 0.6667 0.5000 1.0000
0.3333 0.5918 0.0000 1.0000 0.6667 0.5000 0.5000
0.6667 0.0612 0.3333 1.0000 0.6667 0.5000 1.0000
0.6667 0.0408 0.6667 0.6667 0.6667 0.0000 1.0000
0.3333 0.5714 0.6667 0.6667 0.3333 1.0000 1.0000
0.3333 0.5714 0.0000 0.6667 0.0000 0.5000 0.5000
0.3333 0.5918 0.6667 1.0000 0.3333 1.0000 1.0000
0.3333 0.8102 1.0000 0.6667 0.3333 0.5000 1.0000
0.6667 0.1224 0.6667 0.6667 0.6667 0.5000 1.0000
0.6667 0.0204 0.6667 1.0000 0.6667 1.0000 1.0000
0.3333 0.7143 0.6667 0.6667 1.0000 0.5000 1.0000
0.6667 0.3469 0.6667 1.0000 0.0000 0.5000 1.0000
0.3333 0.7959 0.0000 0.3333 0.0000 0.2500 0.5000
0.6667 0.4286 0.6667 0.6667 0.6667 0.0000 1.0000
0.6667 0.1020 0.6667 1.0000 1.0000 1.0000 0.5000
