0.3333 0.5769 0.6667 0.0000 0.0000 0.0000 1.0000
0.3333 0.5000 0.6667 1.0000 0.3333 0.6667 1.0000
0.6667 0.3654 0.3333 1.0000 0.6667 0.0000 1.0000
0.6667 0.2885 0.6667 0.6667 1.0000 0.3333 1.0000
0.3333 0.5962 0.6667 0.6667 1.0000 0.3333 1.0000
0.3333 0.7308 0.6667 1.0000 0.6667 0.0000 1.0000
0.3333 0.7308 0.6667 1.0000 1.0000 0.3333 1.0000
0.3333 0.4808 0.6667 1.0000 0.3333 0.6667 1.0000
1.0000 0.7692 0.6667 1.0000 0.6667 0.6667 1.0000
1.0000 0.8654 0.6667 1.0000 0.0000 0.3333 1.0000
0.6667 0.4423 0.0000 1.0000 0.0000 0.3333 0.5000
0.3333 0.7500 0.0000 0.3333 0.0000 0.1667 0.5000
0.3333 0.7500 0.0000 0.6667 0.0000 0.3333 0.5000
1.0000 0.9423 0.6667 0.6667 0.6667 0.3333 1.0000
0.6667 0.1346 0.6667 1.0000 0.6667 0.3333 1.0000
0.6667 0.1538 0.3333 0.6667 0.6667 0.3333 1.0000
0.3333 0.5385 0.0000 0.6667 0.0000 0.3333 0.5000
0.6667 0.2692 0.6667 0.6667 1.0000 0.0000 1.0000
1.0000 0.7885 0.3333 0.6667 1.0000 0.3333 1.0000
0.6667 0.0577 0.0000 1.0000 0.6667 0.3333 0.5000
1.0000 0.8077 0.6667 1.0000 0.6667 0.6667 0.5000
0.6667 0.1154 0.0000 1.0000 0.6667 0.3333 0.5000
0.6667 0.0577 0.3333 1.0000 0.6667 0.3333 1.0000
0.3333 0.6154 0.6667 1.0000 1.0000 0.6667 1.0000
0.6667 0.2500 0.6667 0.6667 0.0000 0.3333 1.0000
0.3333 0.5385 0.0000 0.6667 0.6667 0.3333 0.5000
0.6667 0.4231 1.0000 1.0000 0.3333 0.6667 1.0000
0.3333 0.5192 0.6667 0.3333 0.6667 0.1667 0.5000
1.0000 0.8269 0.6667 1.0000 0.6667 0.3333 1.0000
0.3333 0.6923 0.6667 1.0000 0.6667 0.3333 1.0000
1.0000 0.8462 1.0000 1.0000 1.0000 1.0000 1.0000
0.3333 0.7500 0.3333 0.6667 0.0000 0.3333 1.0000
0.3333 0.5192 0.0000 1.0000 0.3333 0.3333 0.5000
0.3333 0.7115 0.6667 0.6667 1.0000 0.3333 1.0000
0.3333 0.6346 0.0000 1.0000 0.0000 0.3333 0.5000
0.3333 0.7596 1.0000 1.0000 0.6667 0.6667 1.0000
0.6667 0.3462 0.6667 0.6667 0.6667 0.3333 1.0000
0.3333 0.7404 1.0000 1.0000 0.6667 0.3333 0.5000
0.3333 0.5769 0.3333 1.0000 0.0000 0.3333 1.0000
0.3333 0.5769 0.6667 1.0000 1.0000 0.6667 1.0000
0.6667 0.4423 0.6667 1.0000 0.0000 0.0000 1.0000
0.3333 0.7500 0.6667 0.6667 0.0000 0.0000 1.0000
0.3333 0.7500 0.0000 0.3333 0.0000 0.1667 0.5000
0.3333 0.5577 0.0000 1.0000 0.6667 0.3333 0.5000
0.6667 0.0962 0.6667 1.0000 1.0000 0.6667 0.5000
1.0000 0.9231 1.0000 1.0000 1.0000 0.3333 1.0000
0.3333 0.6731 0.6667 0.6667 1.0000 0.3333 1.0000
0.3333 0.7115 1.0000 1.0000 1.0000 0.6667 0.5000
0.6667 0.2692 1.0000 1.0000 1.0000 0.6667 1.0000
0.3333 0.5577 0.0000 1.0000 0.6667 0.3333 0.5000
0.6667 0.0769 0.6667 0.6667 0.6667 0.3333 1.0000
0.3333 0.4615 1.0000 1.0000 0.3333 1.0000 1.0000
1.0000 0.8077 1.0000 1.0000 0.3333 0.0000 1.0000
0.6667 0.2115 0.6667 1.0000 0.6667 0.6667 0.5000
0.3333 0.4615 0.6667 1.0000 0.6667 0.6667 1.0000
0.3333 0.4808 0.0000 1.0000 0.6667 0.3333 0.5000
0.6667 0.3077 0.3333 0.6667 0.0000 0.3333 0.0000
0.6667 0.1154 0.6667 0.6667 0.6667 0.3333 1.0000
0.3333 0.5385 0.0000 0.3333 0.6667 0.1667 0.5000
0.6667 0.4231 0.6667 1.0000 0.0000 0.3333 1.0000
0.3333 0.7635 1.0000 0.6667 0.3333 0.3333 1.0000
0.3333 0.5577 0.6667 1.0000 0.3333 0.6667 1.0000
1.0000 0.8654 0.3333 0.6667 0.0000 0.3333 1.0000
0.3333 0.5000 0.3333 1.0000 0.6667 0.3333 1.0000
0.6667 0.3269 0.6667 1.0000 0.0000 0.3333 1.0000
0.3333 0.6538 0.6667 1.0000 0.6667 0.6667 1.0000
0.6667 0.2308 0.3333 0.6667 0.6667 0.3333 1.0000
0.3333 0.6154 0.3333 1.0000 0.6667 0.3333 0.5000
0.6667 0.0192 0.6667 1.0000 0.6667 0.6667 1.0000
0.6667 0.1731 1.0000 1.0000 1.0000 0.6667 1.0000
1.0000 0.7885 0.6667 0.6667 1.0000 0.3333 1.0000
0.6667 0.0385 0.6667 0.6667 0.6667 0.0000 1.0000
0.6667 0.3846 0.6667 1.0000 1.0000 0.3333 1.0000
0.6667 0.0192 1.0000 1.0000 0.6667 1.0000 1.0000
0.6667 0.4423 1.0000 1.0000 0.6667 0.3333 1.0000
0.0000 1.0000 1.0000 1.0000 0.0000 0.0000 1.0000
0.3333 0.5385 0.6667 0.6667 0.3333 0.6667 1.0000
1.0000 0.8846 0.6667 1.0000 0.6667 0.3333 1.0000
0.6667 0.2115 0.6667 1.0000 0.0000 0.3333 1.0000
0.3333 0.7115 0.6667 0.6667 1.0000 0.3333 0.5000
0.3333 0.4615 0.3333 1.0000 0.6667 0.6667 1.0000
0.6667 0.3269 0.6667 1.0000 1.0000 0.3333 1.0000
