0.0765 0.1384 0.2668 0.1334 0.0948 0.6271 0.2807
0.2701 0.3326 0.4746 0.3474 0.3100 0.3596 0.2846
0.9802 1.0000 0.7060 0.9369 0.9701 0.5086 0.8848
0.3711 0.4525 0.4319 0.4741 0.3443 0.0931 0.4766
0.4174 0.4855 0.5227 0.5011 0.4383 0.1334 0.2373
0.7677 0.8120 0.6615 0.7432 0.7512 0.1850 0.7770
0.0321 0.0806 0.2804 0.0828 0.0620 0.6024 0.2590
0.3484 0.3636 0.7831 0.2804 0.4761 0.7697 0.2373
0.7800 0.7769 0.8848 0.7055 0.8382 0.2702 0.8277
0.8064 0.8058 0.8657 0.7230 0.9066 0.1747 0.6918
0.2068 0.2397 0.5762 0.2044 0.2823 0.0534 0.1295
0.0000 0.0000 0.5145 0.0000 0.1119 0.5474 0.1354
0.5260 0.6033 0.5109 0.5327 0.5453 0.4552 0.6283
0.8074 0.8678 0.5817 0.7658 0.7890 0.7693 0.7553
0.6988 0.7128 0.8267 0.5580 0.7584 0.1694 0.6489
0.7422 0.7665 0.7623 0.6802 0.8118 0.1911 0.6278
0.2748 0.2975 0.6996 0.2545 0.3763 0.1929 0.3235
0.3031 0.3368 0.6470 0.2686 0.3742 0.1034 0.2176
0.2975 0.3388 0.6016 0.3283 0.3450 0.2817 0.1507
0.0633 0.1240 0.2486 0.1616 0.0570 0.5942 0.2821
0.3229 0.3884 0.4936 0.3998 0.3763 0.1888 0.3018
0.0718 0.1467 0.1906 0.1560 0.0271 0.4644 0.3018
0.4212 0.4690 0.6334 0.4578 0.4975 0.1773 0.4141
0.1917 0.2603 0.3630 0.2877 0.2003 0.3304 0.3506
0.7129 0.7665 0.6270 0.6532 0.6650 0.3711 0.7346
0.5524 0.5868 0.7250 0.5546 0.6237 0.1565 0.4993
0.2427 0.2355 0.8421 0.1346 0.4070 0.2205 0.1300
0.2342 0.3120 0.3621 0.3226 0.2594 0.5902 0.4313
0.7158 0.7955 0.5045 0.7725 0.6287 0.2715 0.8636
0.7715 0.7831 0.8194 0.7168 0.8311 0.3062 0.7553
0.8376 0.8450 0.8203 0.6836 0.8995 0.4607 0.7336
0.1095 0.2293 0.0009 0.3069 0.0342 0.4698 0.3895
0.3683 0.4545 0.4147 0.4595 0.3443 0.4357 0.4318
0.1161 0.2045 0.1751 0.2337 0.1048 0.4819 0.3245
0.0784 0.0930 0.5463 0.0614 0.1568 0.2516 0.0433
0.5609 0.6054 0.6733 0.5495 0.5966 0.6198 0.6701
0.1435 0.2190 0.2822 0.1464 0.2865 0.0958 0.0000
0.3324 0.3492 0.7532 0.2934 0.4790 0.2516 0.2368
0.3324 0.3657 0.6706 0.3615 0.4212 0.2586 0.2555
0.3163 0.3636 0.5871 0.3863 0.3706 0.1767 0.2427
0.7998 0.8347 0.7015 0.8542 0.7762 0.1928 0.8095
0.3211 0.2934 1.0000 0.1239 0.5367 0.5811 0.1290
0.1001 0.1364 0.4483 0.1177 0.1568 0.5778 0.3033
0.4636 0.5062 0.6706 0.5507 0.5460 0.5131 0.4968
1.0000 0.9917 0.8240 0.9426 1.0000 0.6521 0.8429
0.4523 0.5145 0.5672 0.5546 0.4547 0.4807 0.6283
0.4995 0.5145 0.8230 0.4048 0.6251 0.0000 0.2816
0.6128 0.6136 0.9056 0.5253 0.7505 0.2849 0.4751
0.0642 0.0930 0.4374 0.1081 0.1240 0.4187 0.2373
0.3579 0.3719 0.7895 0.2742 0.4861 0.2206 0.2152
0.0302 0.0806 0.2641 0.1064 0.0321 0.4439 0.2152
0.4703 0.5661 0.4047 0.5749 0.4284 0.2438 0.6696
0.0557 0.0640 0.5436 0.0619 0.1283 0.4272 0.1521
0.9112 0.9298 0.7405 0.7973 0.9494 0.6678 0.8218
0.9037 0.9545 0.5935 0.9088 0.8147 0.1489 0.8203
0.3881 0.3719 0.9728 0.1723 0.5959 0.1303 0.0640
0.3654 0.4008 0.6688 0.2753 0.5324 0.2648 0.2585
0.9075 0.9256 0.7378 0.7804 0.8795 0.5731 0.8213
0.7252 0.7603 0.7160 0.7173 0.7277 0.2182 0.8262
0.0557 0.1302 0.1679 0.1807 0.0449 0.3338 0.2373
0.1209 0.1260 0.6479 0.1312 0.2302 0.3682 0.3018
0.1379 0.2066 0.3040 0.2072 0.1547 0.5491 0.2595
0.1671 0.1612 0.7641 0.0997 0.2937 0.3192 0.0423
0.4193 0.4876 0.5236 0.4521 0.4148 0.1519 0.4530
0.4155 0.4442 0.7278 0.3778 0.5324 0.2851 0.3230
0.3975 0.4359 0.6733 0.4262 0.4690 0.3052 0.3890
0.2786 0.2975 0.7169 0.2528 0.3749 0.2369 0.3245
0.4504 0.4855 0.7078 0.4516 0.5438 0.0783 0.3018
0.0142 0.0661 0.2250 0.1385 0.0086 0.5119 0.2186
0.0189 0.1074 0.0236 0.2354 0.0128 0.6107 0.3323
0.1747 0.2438 0.3457 0.2365 0.1903 0.5408 0.3698
0.0604 0.0455 0.6887 0.0017 0.1775 0.1955 0.0906
0.4268 0.4401 0.8212 0.3829 0.5930 0.3072 0.3255
0.3116 0.3326 0.7250 0.3041 0.4056 0.4188 0.1078
0.2011 0.2397 0.5490 0.1841 0.2986 0.4339 0.1945
0.3305 0.4132 0.4065 0.4606 0.3963 0.4102 0.3840
0.0519 0.0785 0.4329 0.0631 0.1169 0.7311 0.2610
0.3569 0.4091 0.5853 0.3773 0.3728 0.0909 0.3845
0.5496 0.5868 0.7123 0.4611 0.6379 0.4488 0.5411
0.1180 0.1653 0.3993 0.1554 0.1468 0.3683 0.2585
0.5326 0.5723 0.6978 0.5479 0.6001 0.3906 0.6908
0.1454 0.2727 0.0000 0.2787 0.0820 0.5279 0.3452
0.1341 0.2293 0.1525 0.2849 0.1041 0.8096 0.3698
0.7762 0.8017 0.7486 0.7731 0.7577 0.3214 0.7553
0.3069 0.3161 0.7931 0.2393 0.5339 0.1942 0.1408
0.6978 0.7107 0.8276 0.6081 0.7534 0.1940 0.6893
0.1407 0.1694 0.5290 0.1126 0.2181 0.0845 0.2176
0.6572 0.6715 0.8258 0.5023 0.7555 0.5982 0.5623
0.8829 0.9318 0.6089 1.0000 0.8076 0.3234 1.0000
0.1992 0.2066 0.7196 0.1599 0.3286 1.0000 0.2368
0.3494 0.3471 0.8793 0.2207 0.5039 0.2515 0.1507
0.2087 0.2190 0.7069 0.1470 0.3535 0.5341 0.1945
0.7677 0.7810 0.8131 0.6233 0.8746 0.5928 0.6696
0.6648 0.7128 0.6525 0.6385 0.6721 0.3877 0.6942
0.6298 0.6859 0.6189 0.6075 0.6871 0.4907 0.6263
0.7705 0.7789 0.8330 0.6824 0.8831 0.4451 0.7253
0.4032 0.4669 0.5399 0.4386 0.4476 0.1773 0.4097
0.0850 0.1674 0.1652 0.2280 0.0463 0.6011 0.3895
0.6393 0.6921 0.6388 0.7016 0.6728 0.3590 0.7149
0.9717 0.9587 0.8621 0.8733 0.9993 0.5527 0.8872
0.2597 0.3182 0.4891 0.2759 0.3165 0.6800 0.3880
0.7894 0.8285 0.6788 0.7596 0.8019 0.3384 0.8021
0.5222 0.5351 0.8339 0.4561 0.6094 0.1957 0.4549
0.9556 0.9959 0.6189 0.9459 0.8439 0.4793 0.9513
0.1766 0.2066 0.5672 0.1898 0.2758 0.5489 0.3092
0.7517 0.7872 0.7114 0.7061 0.7441 0.1265 0.6770
0.7337 0.8492 0.3367 0.9949 0.6094 0.5419 0.9498
0.7923 0.8781 0.4619 0.9291 0.7413 0.3804 0.9744
0.0708 0.0950 0.4673 0.0867 0.1561 0.3357 0.2383
0.2049 0.2004 0.8013 0.0980 0.3742 0.2682 0.1531
0.1171 0.1694 0.3766 0.2050 0.1497 0.5760 0.3880
0.4523 0.4876 0.7042 0.4296 0.5624 0.1604 0.3461
0.7781 0.8017 0.7586 0.6408 0.8239 0.2325 0.6696
0.4410 0.5041 0.5581 0.4589 0.4362 0.4912 0.3914
0.8480 0.8946 0.6334 0.8361 0.8140 0.0919 0.8636
0.3248 0.3616 0.6488 0.3035 0.4070 0.1238 0.2373
0.6166 0.6488 0.7359 0.5355 0.6671 0.2721 0.6041
0.8300 0.8905 0.5762 0.7905 0.8275 0.3787 0.7120
0.2295 0.2789 0.5082 0.2793 0.2823 0.3391 0.1507
0.7923 0.8595 0.5499 0.8727 0.6572 0.1793 0.9522
0.3371 0.4112 0.4564 0.4274 0.3557 0.3000 0.3235
0.8423 0.8884 0.6343 0.8260 0.8346 0.2856 0.8203
0.1435 0.1777 0.5064 0.1898 0.2459 0.4378 0.2427
0.4816 0.4835 0.8866 0.3536 0.6301 0.1084 0.2595
