1.0000 0.8750 0.0000 1.0000 0.7619
1.0000 0.5833 0.0800 0.0000 0.2222
1.0000 0.0833 0.0400 1.0000 0.5397
0.0000 0.4167 0.6000 1.0000 0.3016
1.0000 0.0417 0.3200 1.0000 0.4127
1.0000 0.7083 0.4400 1.0000 0.2063
0.0000 0.9167 0.0800 1.0000 0.5556
1.0000 0.5000 0.0000 1.0000 0.2698
0.0000 0.5000 0.0800 0.0000 0.2222
1.0000 0.2917 0.0800 1.0000 0.3810
1.0000 0.7083 0.8000 1.0000 0.2540
1.0000 0.9167 0.0800 0.0000 0.2698
1.0000 0.7083 0.8000 1.0000 0.4127
0.0000 0.5000 0.0000 1.0000 0.8095
1.0000 0.9583 1.0000 1.0000 0.2857
1.0000 0.2500 0.4000 1.0000 0.1111
1.0000 0.8750 0.0800 1.0000 0.6825
1.0000 0.2500 0.4000 1.0000 0.4286
1.0000 0.9167 0.0800 0.0000 0.2698
1.0000 0.2083 0.6400 1.0000 0.6190
1.0000 0.3750 0.8400 1.0000 0.0952
1.0000 0.0417 0.3200 1.0000 0.4444
1.0000 0.2500 0.4000 1.0000 0.1587
1.0000 0.2917 0.0800 1.0000 0.3333
0.0000 0.8750 0.0800 0.0000 0.8730
1.0000 0.5833 0.4800 1.0000 0.5397
1.0000 0.2500 0.4000 1.0000 0.1587
1.0000 0.5417 0.5600 1.0000 0.5556
1.0000 0.5000 0.0000 1.0000 0.4444
1.0000 0.4167 0.0000 1.0000 0.7619
1.0000 0.5833 0.0000 1.0000 1.0000
1.0000 0.5833 0.0800 0.0000 0.2222
1.0000 1.0000 0.2400 1.0000 0.3175
1.0000 0.3333 0.0400 1.0000 0.1746
1.0000 0.7083 0.1600 1.0000 0.2540
1.0000 0.2500 0.4000 1.0000 0.4286
1.0000 0.5000 0.0800 0.0000 0.1111
1.0000 0.9167 0.0800 1.0000 0.1429
1.0000 1.0000 0.2400 1.0000 0.3810
1.0000 0.1667 0.0400 1.0000 0.5397
1.0000 0.5833 0.0800 0.0000 0.2698
1.0000 0.5417 0.5600 1.0000 0.5556
1.0000 0.3333 0.2000 1.0000 0.0317
1.0000 0.3750 0.0800 1.0000 0.2540
1.0000 0.5000 0.5200 1.0000 0.2222
1.0000 0.5000 0.0000 1.0000 0.4286
0.0000 0.8750 0.0800 1.0000 0.8730
1.0000 0.1667 0.0400 1.0000 0.5397
0.0000 0.9167 0.0800 1.0000 0.7302
1.0000 0.3333 0.1600 1.0000 0.2540
1.0000 0.5000 0.0000 1.0000 0.4127
1.0000 0.3750 0.0800 1.0000 0.1429
1.0000 0.7917 0.0400 1.0000 0.0000
1.0000 0.3750 0.8400 1.0000 0.0952
0.0000 0.6667 0.6800 1.0000 0.6508
1.0000 0.4583 0.2400 1.0000 0.4921
1.0000 0.8333 0.0400 1.0000 0.6190
1.0000 0.7500 0.1200 1.0000 0.1111
1.0000 0.5000 0.0800 0.0000 0.1270
1.0000 0.7917 0.0400 1.0000 0.1746
0.0000 0.2083 0.6400 1.0000 0.5079
1.0000 0.7083 0.1600 1.0000 0.2540
1.0000 0.3333 0.0400 1.0000 0.5714
1.0000 0.8750 0.0800 1.0000 0.6825
0.0000 0.9167 0.0800 0.0000 0.2540
1.0000 0.3333 0.2000 1.0000 0.0635
1.0000 0.2083 0.6400 1.0000 0.6190
1.0000 0.6250 0.7200 1.0000 0.1270
1.0000 0.5417 0.5600 1.0000 0.5556
1.0000 0.4167 0.0000 1.0000 0.7619
1.0000 0.2500 0.4000 1.0000 0.8254
1.0000 0.0000 0.2800 1.0000 0.2381
1.0000 0.2083 0.6400 1.0000 0.5714
1.0000 0.6250 0.7600 1.0000 0.1905
0.0000 0.3750 0.0800 1.0000 0.2857
1.0000 0.7917 0.0400 1.0000 0.3492
0.0000 0.7083 0.2400 1.0000 0.7143
1.0000 1.0000 0.2400 1.0000 0.3810
0.0000 0.9167 0.0800 1.0000 0.5556
1.0000 0.2917 0.0800 1.0000 0.3333
1.0000 0.0833 0.0400 1.0000 0.3651
1.0000 0.9167 0.0800 0.0000 0.2698
1.0000 0.7917 0.5600 1.0000 0.2381
0.0000 0.8750 0.4800 1.0000 0.3810
1.0000 0.7083 0.8000 1.0000 0.4127
1.0000 0.8333 0.0400 1.0000 0.6190
1.0000 0.3750 0.0800 1.0000 0.3810
1.0000 0.1250 0.6000 1.0000 0.2857
1.0000 0.1250 0.6000 1.0000 0.2857
1.0000 0.8750 0.0000 1.0000 0.1270
1.0000 0.5000 0.0000 1.0000 0.4444
0.0000 0.9167 0.0800 0.0000 0.3492
1.0000 0.6250 0.2800 1.0000 0.5238
0.0000 0.8750 0.0800 1.0000 0.1905
1.0000 0.1667 0.0400 1.0000 0.7143
0.0000 0.6667 0.6400 1.0000 0.2540
1.0000 0.2500 0.4000 1.0000 0.1111
0.0000 0.9167 0.0800 1.0000 0.7302
1.0000 1.0000 0.2400 1.0000 0.3175
0.0000 0.5417 0.5600 1.0000 0.4603
1.0000 0.9167 0.0800 0.0000 0.2698
1.0000 0.2500 0.9600 1.0000 0.6190
1.0000 0.3750 0.0800 1.0000 0.3810
1.0000 0.2083 0.6400 1.0000 0.6349
1.0000 0.3333 0.1600 1.0000 0.3333
1.0000 0.8750 0.0800 1.0000 0.3968
1.0000 0.5417 0.5600 1.0000 0.5238
0.0000 0.5000 0.0800 0.0000 0.1587
1.0000 0.3333 0.1600 1.0000 0.2540
1.0000 0.1667 0.0400 1.0000 0.7143
1.0000 0.8750 0.0000 1.0000 0.6190
1.0000 0.9167 0.0800 1.0000 0.1111
0.0000 0.1667 0.0400 1.0000 0.4762
1.0000 0.3333 0.9200 1.0000 0.2698
1.0000 0.0000 0.5600 0.0000 0.3016
1.0000 0.5000 0.0800 0.0000 0.1111
1.0000 0.0000 0.5600 1.0000 0.4444
1.0000 0.3750 0.0800 1.0000 0.2540
