0.1207 0.3491 0.2327 0.1139 0.5896 0.0320
0.5573 0.8546 0.4296 0.2710 0.4832 0.0876
0.1812 0.4285 0.1233 0.1307 0.5151 0.0387
0.2272 0.2894 0.1282 0.2470 0.4096 0.0442
0.6677 0.5604 0.7263 0.5292 0.2068 0.1600
0.1495 0.2749 0.1972 0.1799 0.4998 0.0117
0.1449 0.4264 0.1742 0.0970 0.4979 0.0035
0.4616 0.4943 0.3882 0.3656 0.5391 0.1993
0.3748 0.2928 0.3914 0.3869 0.2652 0.1414
0.3644 0.4737 0.2343 0.2831 0.4623 0.0000
0.4661 0.7115 0.4738 0.2574 0.8215 0.3167
0.2744 0.5009 0.1375 0.1827 0.5190 0.0223
0.2832 0.4761 0.2685 0.2041 0.5653 0.1062
0.1644 0.4682 0.1879 0.0941 0.5890 0.0189
0.1952 0.3149 0.1623 0.2030 0.3085 0.0406
0.4276 0.3401 0.4333 0.4129 0.4744 0.1582
0.3082 0.3821 0.5875 0.2766 0.4679 0.1427
0.2758 0.3332 0.2416 0.2710 0.5115 0.1197
0.2204 0.3512 0.3389 0.2083 0.6057 0.0270
0.1617 0.0125 0.3938 0.3275 0.5541 0.0179
0.3921 0.3769 0.5198 0.3598 0.1331 0.1228
0.2042 0.2701 0.1929 0.2349 0.5431 0.0295
0.2631 0.4003 0.2074 0.2239 0.5430 0.0397
0.0386 0.3299 0.1790 0.0450 0.4581 0.0524
0.5273 0.4607 0.4263 0.4461 0.2085 0.1286
0.3004 0.5491 0.2953 0.1827 0.5025 0.0392
0.2309 0.3569 0.1831 0.2155 0.5275 0.0329
0.3557 0.6054 0.3366 0.2066 0.4778 0.0431
0.0000 0.3092 0.0000 0.0187 0.5928 0.0023
0.5144 0.5945 0.5070 0.3643 0.5217 0.1694
0.2882 0.4082 0.4321 0.2439 0.4725 0.0203
0.2933 0.2771 0.3453 0.3168 0.3086 0.1438
0.4430 0.4555 0.3311 0.3679 0.4746 0.0281
0.1746 0.1367 0.2148 0.2756 0.3032 0.0814
0.4697 0.3655 0.4357 0.4403 0.4853 0.1030
0.6801 0.4646 0.6820 0.5907 0.5440 0.1749
0.2405 0.3708 0.1964 0.2175 0.4917 0.0418
0.6687 0.9486 0.4027 0.3291 0.2861 0.2056
0.3641 0.3619 0.4306 0.3407 0.4737 0.1222
0.2698 0.5931 0.1909 0.1305 0.5524 0.0294
0.3405 0.5223 0.2879 0.2349 0.5978 0.0194
0.4928 0.4160 0.3202 0.4361 0.4367 0.1184
0.2775 0.4559 0.3365 0.2090 0.5997 0.0304
0.3893 0.4904 0.1587 0.2984 0.6325 0.0293
0.5935 0.4809 0.7143 0.4992 0.5469 0.2044
0.2082 0.3330 0.2237 0.2063 0.5101 0.0762
0.1886 0.3074 0.2558 0.2005 0.6463 0.0179
0.1763 0.3701 0.1632 0.1563 0.6629 0.0174
0.3872 0.5874 0.2998 0.2461 0.5500 0.0239
0.2133 0.4103 0.1998 0.1709 0.2667 0.0917
0.5204 0.7233 0.6363 0.3035 0.5969 0.2592
0.1390 0.4382 0.1790 0.0852 0.5481 0.0222
0.1773 0.2855 0.3401 0.2011 0.6950 0.0935
0.1861 0.2940 0.2774 0.2052 1.0000 0.0730
0.4915 0.6613 0.4965 0.3079 0.4524 0.1905
0.2388 0.5282 0.2953 0.1345 0.5091 0.0199
0.1303 0.4066 0.2029 0.0933 0.6650 0.0142
0.4017 0.4126 0.2619 0.3505 0.5335 0.0371
0.3928 0.5616 0.3157 0.2649 0.4667 0.0211
0.2864 0.6324 0.3015 0.1261 0.5724 0.0323
0.6208 0.6220 0.4995 0.4522 0.3313 0.1627
0.0938 0.1368 0.2636 0.1980 0.6112 0.0220
0.1148 0.2653 0.1095 0.1515 0.5777 0.0348
0.5257 0.5875 0.4197 0.3789 0.5379 0.1479
0.3943 0.3542 0.4667 0.3737 0.3295 0.1049
0.4968 0.5177 0.7150 0.3873 0.5697 0.1682
0.3326 0.4850 0.4523 0.2467 0.5070 0.2698
0.4133 0.3544 0.3720 0.3918 0.6079 0.0510
0.3152 0.7883 1.0000 0.0729 0.7049 0.2988
0.6025 0.6367 0.3003 0.4272 0.5558 0.1463
0.3820 0.2926 0.3295 0.3938 0.3690 0.1172
0.3589 0.4746 0.4788 0.2773 0.6551 0.1132
0.0443 0.3555 0.1960 0.0372 0.7778 0.0211
0.4095 0.3864 0.4386 0.3716 0.5737 0.1177
0.3992 0.3789 0.3938 0.3656 0.5759 0.0862
0.4685 0.3728 0.1656 0.4352 0.3990 0.1119
0.1842 0.2722 0.2468 0.2146 0.5212 0.0262
0.4476 0.4277 0.3401 0.3869 0.5281 0.1005
0.2075 0.3542 0.2030 0.1944 0.3029 0.0403
0.4944 0.6422 0.4406 0.3206 0.5202 0.2435
0.4455 0.4103 0.4105 0.3938 0.0000 0.0538
0.4253 0.3017 0.5582 0.4307 0.5287 0.1018
0.3239 0.2549 0.3700 0.3575 0.5924 0.0333
0.1155 0.2342 0.3262 0.1684 0.6671 0.0405
0.4754 0.6804 0.6766 0.2825 0.3952 0.1537
0.0991 0.3650 0.0558 0.0849 0.6022 0.0262
0.2938 0.4171 0.2506 0.2447 0.6152 0.0817
0.2979 0.1233 0.3150 0.4009 0.3546 0.1472
0.1659 0.2504 0.1259 0.2083 0.4592 0.0391
0.5122 0.5447 0.2398 0.3880 0.3069 0.1112
0.5048 0.5132 0.4117 0.3974 0.5210 0.0895
0.3185 0.3771 0.2613 0.2890 0.5480 0.0323
0.1507 0.4368 0.0540 0.0972 0.5192 0.0305
0.2576 0.2851 0.2952 0.2784 0.5701 0.0301
0.6128 0.7011 0.6187 0.4036 0.6439 0.2400
0.2089 0.3080 0.3580 0.2198 0.5948 0.0248
0.4208 0.3632 0.3938 0.3945 0.5253 0.0674
0.2448 0.3585 0.1879 0.2280 0.6091 0.0582
0.3440 0.3599 0.4475 0.3225 0.5560 0.0288
0.5426 0.6401 0.5643 0.3679 0.5050 0.1719
0.4652 0.6895 0.5796 0.2679 0.7902 0.1564
0.3812 0.3053 0.3803 0.3864 0.4203 0.1513
0.3748 0.6100 0.3307 0.2225 0.5001 0.0421
0.4515 0.4668 0.4207 0.3703 0.4425 0.0276
0.0573 0.2419 0.1969 0.1086 0.6687 0.0407
0.6142 0.5214 0.6852 0.4981 0.3271 0.0328
0.3681 0.5874 0.3308 0.2277 0.3882 0.0330
0.1809 0.2996 0.2741 0.1974 0.6452 0.1127
0.2379 0.3921 0.2553 0.2041 0.4528 0.0510
0.4916 0.6592 0.5681 0.3091 0.4359 0.2168
0.3571 0.2301 0.4385 0.4023 0.4362 0.1249
0.1451 0.2204 0.2584 0.2038 0.3578 0.0901
0.6063 0.5829 0.4924 0.4587 0.4452 0.0399
0.2196 0.4736 0.2350 0.1442 0.5295 0.0444
0.4580 0.2905 0.4385 0.4678 0.3081 0.0885
0.5522 0.7299 0.5765 0.3306 0.4343 0.1414
0.3628 0.3449 0.4596 0.3483 0.2123 0.1561
0.3226 0.6886 0.2914 0.1317 0.5296 0.0292
0.1976 0.4001 0.2327 0.1611 0.5302 0.0468
0.2427 0.2756 0.3848 0.2690 0.6064 0.0208
0.1997 0.3912 0.2148 0.1678 0.4965 0.0296
0.1956 0.2353 0.3052 0.2447 0.6481 0.0314
0.1681 0.4119 0.2953 0.1268 0.4214 0.0467
0.2778 0.2219 0.3490 0.3306 0.6118 0.0243
0.2457 0.4023 0.1879 0.2063 0.6378 0.0281
0.5568 0.5293 0.6546 0.4389 0.5868 0.2133
0.4295 0.5046 0.4043 0.3294 0.3541 0.0905
0.2922 0.4643 0.2647 0.2187 0.7432 0.0214
0.1579 0.3739 0.1013 0.1367 0.6326 0.0275
0.0665 0.1113 0.0454 0.1851 0.5410 0.0475
0.5042 0.7142 0.5574 0.2927 0.7363 0.2054
0.1775 0.5088 0.1145 0.0856 0.4408 0.0319
0.1531 0.0000 0.4824 0.3258 0.4464 0.0894
0.0490 0.4335 0.0134 0.0014 0.5375 0.0269
0.3026 0.7181 0.3303 0.0973 0.7624 0.3720
0.2534 0.4566 0.1957 0.1855 0.4998 0.0297
0.4685 0.4700 0.6152 0.3849 0.4224 0.1033
0.3806 0.5304 0.4348 0.2693 0.5812 0.0162
0.4741 0.4148 0.4233 0.4188 0.5248 0.0993
0.1408 0.1499 0.3222 0.2364 0.7438 0.0273
0.8873 0.8039 0.3297 0.6138 0.1176 0.1981
0.5289 0.7751 0.6529 0.2847 0.7636 0.2256
0.2284 0.4160 0.1253 0.1825 0.5523 0.0302
0.2185 0.4389 0.3401 0.1611 0.7428 0.0500
0.5298 0.4968 0.5796 0.4299 0.2150 0.1402
0.0921 0.4643 0.0600 0.0267 0.7255 0.0251
0.2931 0.3739 0.2773 0.2664 0.3403 0.0857
0.2975 0.2397 0.3849 0.3401 0.4291 0.1114
0.2139 0.5141 0.1985 0.1178 0.5087 0.0408
0.4171 0.4546 0.5546 0.3436 0.3603 0.0247
0.5732 0.6611 0.5748 0.3864 0.4817 0.1849
0.3269 0.3726 0.3941 0.2995 0.3769 0.0965
0.3634 0.4807 0.3629 0.2785 0.4541 0.0243
0.0965 0.1025 0.1757 0.2184 0.7082 0.0209
0.1503 0.3358 0.1443 0.1491 0.5002 0.0229
0.2124 0.2883 0.2301 0.2333 0.7048 0.0382
0.5742 0.8074 0.6146 0.3115 0.5459 0.1700
0.4971 0.4989 0.4513 0.3974 0.4811 0.0884
0.2811 0.4821 0.1790 0.1988 0.4925 0.0340
0.3305 0.2111 0.4100 0.3866 0.4189 0.0962
0.2645 0.4825 0.1709 0.1827 0.4397 0.0421
0.3130 0.1124 0.3356 0.4210 0.3437 0.0911
0.1466 0.4132 0.1495 0.1056 0.4645 0.0153
0.3245 0.4364 0.4046 0.2641 0.5295 0.0772
0.1274 0.2422 0.2058 0.1756 0.5134 0.0302
0.1714 0.3703 0.2133 0.1515 0.6923 0.0408
0.2307 0.2799 0.1626 0.2552 0.3186 0.0881
0.2366 0.2324 0.1879 0.2855 0.5002 0.0253
0.2700 0.3303 0.2595 0.2669 0.5606 0.0261
0.2138 0.4287 0.3043 0.1619 0.6334 0.0236
0.2790 0.0498 0.3759 0.4208 0.4284 0.0997
0.6110 0.9905 0.5191 0.2520 0.6942 0.3012
0.1017 0.2065 0.2501 0.1694 0.1523 0.0273
0.0901 0.3260 0.0142 0.0964 0.3964 0.0177
0.2758 0.2912 0.3043 0.2927 0.5695 0.0449
0.1826 0.3369 0.2737 0.1795 0.8368 0.0049
0.5363 0.4764 0.5062 0.4466 0.5307 0.1550
0.5710 0.4000 0.5161 0.5195 0.5844 0.2027
0.1874 0.4521 0.1769 0.1245 0.5024 0.0330
0.4268 0.3576 0.4224 0.4031 0.3469 0.0852
0.2380 0.2788 0.3786 0.2627 0.0959 0.0794
0.1360 0.3657 0.0995 0.1199 0.6479 0.0309
0.5859 0.7053 0.3024 0.3757 0.6990 0.2625
0.4321 0.4771 0.4373 0.3463 0.4958 0.1014
