ArrowHead                     	0.95317	0.01517	0.90476	0.03549	0.86047	0.03289
BME                           	1.00000	0.00000	0.95000	0.01171	1.00000	0.00000
CBF                           	1.00000	0.00000	0.97527	0.00278	0.98387	0.00000
Car                           	0.83889	0.16054	0.66250	0.22605	0.75000	0.14434
Chinatown                     	0.78940	0.10979	0.68472	0.15522	0.79459	0.10826
ChlorineConcentration         	0.69574	0.08046	0.68037	0.07278	0.69826	0.07382
Computers                     	0.62267	0.05678	0.51300	0.02791	0.56900	0.04999
DiatomSizeReduction           	0.95803	0.04090	0.95625	0.05352	0.97538	0.03641
DistalPhalanxOutlineAgeGroup  	0.78328	0.00000	0.75701	0.00000	0.77064	0.00000
DistalPhalanxOutlineCorrect   	0.80457	0.01624	0.78800	0.00950	0.74716	0.01112
DistalPhalanxTW               	0.80186	0.02420	0.70561	0.02124	0.83945	0.01451
DodgerLoopDay                 	0.48617	0.21582	0.31290	0.19888	0.32424	0.15521
DodgerLoopGame                	0.94255	0.14802	0.80323	0.15909	0.76061	0.03899
DodgerLoopWeekend             	1.00000	0.00000	0.93548	0.00000	0.96970	0.00000
ECG200                        	0.93500	0.02629	0.85000	0.00000	0.75250	0.01845
ECG5000                       	0.93470	0.00055	0.92910	0.00032	0.93420	0.00042
ECGFiveDays                   	0.76189	0.25195	0.72614	0.29294	0.75449	0.25897
ERing                         	0.96278	0.06563	0.88833	0.07073	0.93000	0.05869
Earthquakes                   	0.77174	0.00000	0.82609	0.00000	0.84946	0.00000
ElectricDevices               	0.59847	0.01495	0.56961	0.01230	0.56370	0.01354
Epilepsy                      	0.78485	0.14012	0.48000	0.07818	0.52727	0.07855
FaceFour                      	0.98060	0.06136	0.94091	0.09595	0.95217	0.03208
Fish                          	0.48667	0.34322	0.37143	0.29246	0.38429	0.30368
FordA                         	0.63337	0.08042	0.57612	0.05266	0.57503	0.04566
FordB                         	0.54544	0.06820	0.50371	0.03169	0.52022	0.03927
FreezerRegularTrain           	0.99850	0.00027	0.99833	0.00000	0.99833	0.00000
FreezerSmallTrain             	0.99867	0.00039	1.00000	0.00000	0.99827	0.00000
GunPoint                      	0.89750	0.20081	0.85500	0.21370	0.84250	0.18068
GunPointAgeSpan               	0.96148	0.00468	0.92556	0.00537	0.89780	0.01470
GunPointMaleVersusFemale      	0.99963	0.00117	0.99778	0.00703	0.98791	0.00348
GunPointOldVersusYoung        	1.00000	0.00000	1.00000	0.00000	1.00000	0.00000
Ham                           	0.99219	0.00000	0.90476	0.00000	0.84091	0.00000
Herring                       	0.60526	0.00000	0.52000	0.00000	0.66667	0.00000
InsectEPGRegularTrain         	1.00000	0.00000	1.00000	0.00000	1.00000	0.00000
InsectEPGSmallTrain           	1.00000	0.00000	1.00000	0.00000	1.00000	0.00000
ItalyPowerDemand              	0.97352	0.00306	0.95890	0.00215	0.97909	0.00235
LargeKitchenAppliances        	0.72022	0.01281	0.47000	0.01267	0.48133	0.01167
Lightning2                    	0.79583	0.10996	0.59583	0.10767	0.61200	0.13206
Lightning7                    	0.70000	0.26961	0.46429	0.18288	0.43000	0.15749
Meat                          	1.00000	0.00000	0.99167	0.01757	1.00000	0.00000
MiddlePhalanxOutlineAgeGroup  	0.73916	0.01901	0.76000	0.03487	0.77500	0.00820
MiddlePhalanxOutlineCorrect   	0.63109	0.00000	0.60674	0.00000	0.60894	0.00000
MiddlePhalanxTW               	0.62417	0.02835	0.66818	0.01231	0.56607	0.00960
MoteStrain                    	0.94181	0.00207	0.88937	0.00433	0.91569	0.00620
OSULeaf                       	0.51094	0.07040	0.40114	0.04081	0.43146	0.04438
PhalangesOutlinesCorrect      	0.77999	0.02754	0.73635	0.02263	0.71182	0.01830
Plane                         	0.70873	0.36138	0.62143	0.38514	0.62619	0.39285
PowerCons                     	1.00000	0.00000	1.00000	0.00000	1.00000	0.00000
ProximalPhalanxOutlineAgeGroup	0.82259	0.04164	0.80661	0.05988	0.81157	0.03414
ProximalPhalanxOutlineCorrect 	0.87584	0.01611	0.79719	0.00492	0.83966	0.01237
ProximalPhalanxTW             	0.75730	0.05281	0.71653	0.04944	0.71653	0.06258
RacketSports                  	0.95414	0.06278	0.71500	0.09278	0.78387	0.07982
RefrigerationDevices          	0.66044	0.12182	0.38533	0.02928	0.34000	0.02846
ScreenType                    	0.53067	0.12725	0.38400	0.06310	0.40600	0.05925
SelfRegulationSCP1            	0.96220	0.00282	0.86607	0.00000	0.87522	0.00280
ShapeletSim                   	0.89917	0.21054	0.52750	0.02993	0.43250	0.04091
SmallKitchenAppliances        	0.48067	0.24645	0.33000	0.09372	0.36867	0.04704
SmoothSubspace                	0.94722	0.01800	0.86000	0.04856	0.79000	0.05282
SonyAIBORobotSurface1         	0.99624	0.00139	0.97903	0.01530	0.98080	0.01470
SonyAIBORobotSurface2         	0.96293	0.00287	0.95561	0.00246	0.94745	0.00344
Strawberry                    	0.96825	0.00082	0.98878	0.00215	0.94444	0.00000
Symbols                       	0.93203	0.06711	0.91275	0.05588	0.89951	0.04974
SyntheticControl              	0.89611	0.14816	0.86250	0.14810	0.84833	0.12837
ToeSegmentation1              	0.60438	0.05336	0.46226	0.02983	0.40182	0.00575
ToeSegmentation2              	0.78586	0.06680	0.77576	0.05750	0.84412	0.03410
Trace                         	0.78500	0.08191	0.60250	0.03988	0.59750	0.13766
TwoLeadECG                    	0.85839	0.22801	0.83750	0.24777	0.82747	0.26892
TwoPatterns                   	0.90807	0.09523	0.83310	0.07574	0.82970	0.07283
UMD                           	0.91111	0.09394	0.93611	0.06810	0.90833	0.08077
UWaveGestureLibrary           	0.84924	0.07630	0.75114	0.06722	0.71932	0.04882
UWaveGestureLibraryAll        	0.88317	0.03932	0.85911	0.03846	0.83991	0.03597
UWaveGestureLibraryX          	0.64300	0.04373	0.59441	0.05089	0.58952	0.02980
UWaveGestureLibraryY          	0.56247	0.08656	0.54078	0.07316	0.51996	0.07419
UWaveGestureLibraryZ          	0.61713	0.02724	0.58246	0.02759	0.59565	0.02058
Wafer                         	0.89716	0.00000	0.88198	0.00000	0.89470	0.00000
Wine                          	0.69242	0.22935	0.65455	0.20124	0.60435	0.27532
Worms                         	0.42727	0.01643	0.46863	0.00620	0.37358	0.01193
WormsTwoClass                 	0.60779	0.01232	0.59020	0.00620	0.50189	0.02977
Yoga                          	0.87904	0.03332	0.83379	0.03148	0.81970	0.03256
