ArrowHead                     	0.78651	0.08252	0.75000	0.04383	0.76047	0.06490
BME                           	0.92593	0.10143	0.88889	0.11785	0.89722	0.07752
CBF                           	0.97921	0.02402	0.96290	0.02315	0.96882	0.01696
Car                           	0.65556	0.15183	0.43333	0.14725	0.57083	0.13473
Chinatown                     	0.88848	0.13010	0.81250	0.17350	0.89189	0.12820
ChlorineConcentration         	0.55762	0.04130	0.56736	0.03427	0.55464	0.04202
Computers                     	0.59867	0.09984	0.56300	0.03945	0.52500	0.09548
DiatomSizeReduction           	0.72902	0.21621	0.73750	0.19134	0.78154	0.18229
DistalPhalanxOutlineAgeGroup  	0.79567	0.02871	0.75701	0.00623	0.76606	0.01743
DistalPhalanxOutlineCorrect   	0.71619	0.08621	0.71257	0.06295	0.67102	0.07511
DistalPhalanxTW               	0.52632	0.10508	0.45981	0.08287	0.56606	0.11027
DodgerLoopDay                 	0.55319	0.09992	0.39677	0.10093	0.40606	0.09604
DodgerLoopGame                	0.79894	0.04413	0.48387	0.15582	0.45758	0.08505
DodgerLoopWeekend             	0.90319	0.10946	0.86774	0.08795	0.83939	0.18241
ECG200                        	0.84333	0.17172	0.77750	0.17813	0.71000	0.14634
ECG5000                       	0.68833	0.16639	0.67970	0.16698	0.69030	0.16473
ECGFiveDays                   	0.87868	0.18664	0.84545	0.22818	0.84888	0.18511
ERing                         	0.79333	0.09336	0.62667	0.12722	0.74333	0.10750
Earthquakes                   	0.77174	0.00000	0.82609	0.00000	0.84946	0.00000
ElectricDevices               	0.42946	0.04310	0.43048	0.03972	0.41058	0.04116
Epilepsy                      	0.72545	0.16827	0.53455	0.14219	0.57636	0.12213
FaceFour                      	0.80597	0.12606	0.69545	0.19291	0.76957	0.15481
Fish                          	0.61667	0.14355	0.39857	0.14807	0.53000	0.13135
FordA                         	0.58638	0.08284	0.57398	0.06614	0.57036	0.06970
FordB                         	0.66040	0.10999	0.64342	0.10431	0.65067	0.10742
FreezerRegularTrain           	0.79539	0.20904	0.80633	0.20817	0.79333	0.20226
FreezerSmallTrain             	0.73563	0.20041	0.73287	0.20623	0.73934	0.21168
GunPoint                      	0.86000	0.07513	0.71500	0.09068	0.77500	0.08975
GunPointAgeSpan               	0.87815	0.14043	0.85222	0.10251	0.82967	0.14590
GunPointMaleVersusFemale      	0.95519	0.08513	0.95556	0.07163	0.92967	0.09020
GunPointOldVersusYoung        	1.00000	0.00000	1.00000	0.00000	1.00000	0.00000
Ham                           	0.74844	0.16162	0.63810	0.17272	0.66591	0.06695
Herring                       	0.67895	0.10120	0.49200	0.04237	0.65185	0.04685
InsectEPGRegularTrain         	0.84462	0.16052	0.82258	0.15470	0.87937	0.12856
InsectEPGSmallTrain           	0.93208	0.08769	0.91509	0.10571	0.94259	0.06442
ItalyPowerDemand              	0.97428	0.00243	0.95799	0.00882	0.98091	0.00977
LargeKitchenAppliances        	0.63822	0.05842	0.52133	0.09151	0.49133	0.07497
Lightning2                    	0.76111	0.13351	0.66250	0.07721	0.64000	0.15889
Lightning7                    	0.48941	0.10423	0.35000	0.09191	0.43333	0.03143
Meat                          	0.58472	0.23638	0.55000	0.19524	0.54583	0.25568
MiddlePhalanxOutlineAgeGroup  	0.72470	0.00475	0.72182	0.01227	0.76339	0.00868
MiddlePhalanxOutlineCorrect   	0.70056	0.06596	0.66011	0.04791	0.64469	0.04646
MiddlePhalanxTW               	0.56979	0.07780	0.64182	0.08573	0.52589	0.05989
MoteStrain                    	0.91219	0.01608	0.88386	0.02342	0.88000	0.02468
OSULeaf                       	0.58642	0.02902	0.39886	0.02956	0.46292	0.03775
PhalangesOutlinesCorrect      	0.70583	0.03856	0.69416	0.02765	0.66848	0.02752
Plane                         	0.92302	0.14810	0.82857	0.17561	0.86667	0.23090
PowerCons                     	0.99398	0.00788	0.99167	0.00971	0.98750	0.01381
ProximalPhalanxOutlineAgeGroup	0.79394	0.00532	0.75950	0.00469	0.78182	0.00427
ProximalPhalanxOutlineCorrect 	0.79345	0.06591	0.73371	0.03867	0.77151	0.03701
ProximalPhalanxTW             	0.72452	0.00000	0.68017	0.00399	0.67769	0.00000
RacketSports                  	0.74751	0.08863	0.58500	0.13550	0.58548	0.12190
RefrigerationDevices          	0.50756	0.09486	0.37733	0.04567	0.34333	0.03966
ScreenType                    	0.55156	0.07576	0.43200	0.06732	0.38933	0.05797
SelfRegulationSCP1            	0.89554	0.01297	0.82589	0.02073	0.85752	0.02376
ShapeletSim                   	0.77000	0.02699	0.48750	0.09373	0.49500	0.08233
SmallKitchenAppliances        	0.61711	0.12656	0.54800	0.16477	0.53800	0.11111
SmoothSubspace                	0.91944	0.02848	0.86167	0.06088	0.79833	0.05636
SonyAIBORobotSurface1         	0.94113	0.02555	0.89839	0.03046	0.91840	0.02766
SonyAIBORobotSurface2         	0.90255	0.02492	0.88316	0.02940	0.85102	0.02554
Strawberry                    	0.69440	0.11909	0.71633	0.11279	0.68636	0.10781
Symbols                       	0.87647	0.09064	0.85539	0.09336	0.83137	0.09441
SyntheticControl              	0.90417	0.07346	0.85833	0.07648	0.84250	0.07762
ToeSegmentation1              	0.70625	0.10545	0.51321	0.06878	0.48727	0.08816
ToeSegmentation2              	0.79091	0.06885	0.75758	0.06998	0.85294	0.04384
Trace                         	0.74083	0.09988	0.60500	0.07051	0.55000	0.11118
TwoLeadECG                    	0.93831	0.02044	0.89440	0.03402	0.91116	0.03250
TwoPatterns                   	0.82377	0.12096	0.80450	0.12725	0.79110	0.12817
UMD                           	0.86204	0.08789	0.83333	0.12763	0.84444	0.12016
UWaveGestureLibrary           	0.70379	0.09616	0.54886	0.05490	0.51477	0.07385
UWaveGestureLibraryAll        	0.85815	0.09472	0.83408	0.09083	0.82140	0.10436
UWaveGestureLibraryX          	0.67360	0.03832	0.63084	0.03653	0.62653	0.03855
UWaveGestureLibraryY          	0.64587	0.03103	0.61173	0.03102	0.59766	0.03054
UWaveGestureLibraryZ          	0.61243	0.02429	0.59307	0.02318	0.59911	0.02128
Wafer                         	0.89716	0.00000	0.88198	0.00000	0.89470	0.00000
Wine                          	0.51970	0.04847	0.50000	0.00000	0.47826	0.11226
Worms                         	0.42208	0.00000	0.47059	0.00000	0.37736	0.00000
WormsTwoClass                 	0.68961	0.08173	0.59020	0.05425	0.52264	0.04794
Yoga                          	0.61773	0.09136	0.61788	0.08526	0.62318	0.08546
